0 0.1574160447761194 0.5084269662921348 0.0914179104477612 0.13553370786516855
2 0.6512360074626866 0.5373946629213483 0.05853544776119403 0.07689606741573034
2 0.7645755597014925 0.6018258426966292 0.1322294776119403 0.09269662921348315
2 0.5236707089552238 0.8314606741573034 0.06459888059701492 0.06320224719101124
2 0.27670242537313433 0.4176615168539326 0.059934701492537316 0.07689606741573034
2 0.459071828358209 0.037921348314606744 0.05247201492537314 0.05407303370786517
2 0.5409281716417911 0.07865168539325842 0.06599813432835822 0.06320224719101124
2 0.5055970149253731 0.1915379213483146 0.07649253731343283 0.07689606741573034
2 0.6009794776119403 0.13518258426966293 0.045242537313432835 0.08567415730337079
2 0.6542677238805971 0.2052317415730337 0.05247201492537314 0.06776685393258428
2 0.5544542910447762 0.3613061797752809 0.09025186567164178 0.17626404494382023
2 0.6911147388059702 0.27071629213483145 0.08698694029850747 0.0723314606741573
2 0.6302472014925373 0.21875 0.10051305970149253 0.05407303370786517
2 0.7114039179104478 0.1034058988764045 0.05247201492537314 0.07689606741573034
2 0.7721548507462687 0.3804424157303371 0.13199626865671643 0.14712078651685392
2 0.726445895522388 0.48103932584269665 0.08861940298507463 0.08146067415730338
2 0.44577891791044777 0.8700842696629213 0.04267723880597015 0.061095505617977525
2 0.42898787313432835 0.8693820224719101 0.07999067164179105 0.07162921348314606
2 0.27437033582089554 0.7213834269662921 0.04267723880597015 0.05933988764044944
2 0.3614738805970149 0.402563202247191 0.033582089552238806 0.038974719101123594
2 0.5809235074626866 0.5019311797752809 0.05177238805970149 0.07689606741573034
2 0.4552238805970149 0.328125 0.06343283582089553 0.10709269662921349
2 0.2946595149253731 0.2399929775280899 0.07066231343283583 0.05723314606741573
2 0.33127332089552236 0.3261938202247191 0.07625932835820895 0.0625
2 0.6658115671641791 0.16169241573033707 0.12546641791044777 0.07759831460674158
2 0.6280317164179104 0.04231039325842697 0.044309701492537316 0.047401685393258425
2 0.7589785447761194 0.14782303370786518 0.03334888059701493 0.04143258426966292