0 0.22493003731343283 0.45400280898876405 0.1396921641791045 0.23525280898876405
1 0.507929104477612 0.05828651685393258 0.060167910447761194 0.05407303370786517
1 0.504081156716418 0.20979634831460675 0.05247201492537314 0.10849719101123595
1 0.5581856343283582 0.28212780898876405 0.04640858208955224 0.12183988764044944
1 0.5845382462686567 0.46962780898876405 0.05107276119402985 0.1309691011235955
1 0.6354944029850746 0.4571629213483146 0.04197761194029851 0.15589887640449437
1 0.706856343283582 0.444873595505618 0.06763059701492537 0.1404494382022472
1 0.6385261194029851 0.15326544943820225 0.045242537313432835 0.11762640449438203
1 0.7000932835820896 0.31724016853932585 0.21921641791044777 0.2011938202247191
1 0.6670942164179104 0.36797752808988765 0.15928171641791045 0.3026685393258427
1 0.6430736940298507 0.3748244382022472 0.1681436567164179 0.3163623595505618
1 0.6546175373134329 0.047050561797752806 0.03451492537313433 0.05196629213483146
1 0.558768656716418 0.030372191011235956 0.13292910447761194 0.051615168539325844
1 0.5440764925373134 0.35639044943820225 0.0708955223880597 0.09339887640449439
1 0.8042210820895522 0.37008426966292135 0.08605410447761194 0.059691011235955056
1 0.396571828358209 0.35252808988764045 0.03148320895522388 0.06390449438202248
1 0.44064832089552236 0.21120084269662923 0.034281716417910446 0.047401685393258425
1 0.6891324626865671 0.7013693820224719 0.012126865671641791 0.02914325842696629
1 0.5658815298507462 0.7052317415730337 0.03148320895522388 0.03967696629213483
1 0.59375 0.7663272471910112 0.022388059701492536 0.021418539325842697
1 0.7094216417910447 0.8137289325842697 0.048507462686567165 0.0488061797752809
1 0.7687733208955224 0.46014747191011235 0.09025186567164178 0.12043539325842696
2 0.7854477611940298 0.43047752808988765 0.03031716417910448 0.04564606741573034
2 0.7864972014925373 0.5052668539325843 0.02028917910447761 0.033707865168539325
2 0.7652751865671642 0.5572331460674157 0.02028917910447761 0.054775280898876406
2 0.781366604477612 0.2770365168539326 0.044542910447761194 0.11446629213483146
2 0.8062033582089553 0.2930126404494382 0.05177238805970149 0.045997191011235956