0 0.23309235074626866 0.5182584269662921 0.12896455223880596 0.20575842696629212
1 0.7173507462686567 0.2966994382022472 0.07975746268656717 0.12429775280898876
1 0.36217350746268656 0.3634129213483146 0.06296641791044776 0.13553370786516855
1 0.43645055970149255 0.36446629213483145 0.08558768656716417 0.12429775280898876
1 0.5574860074626866 0.2752808988764045 0.1201026119402985 0.17626404494382023
1 0.4139458955223881 0.36218398876404495 0.16371268656716417 0.1288623595505618
1 0.5686800373134329 0.7873946629213483 0.05247201492537314 0.14220505617977527
1 0.6947294776119403 0.8621839887640449 0.10960820895522388 0.07900280898876405
1 0.3833955223880597 0.5732092696629213 0.04757462686567164 0.06566011235955056
1 0.40729944029850745 0.6623946629213483 0.026352611940298507 0.03967696629213483
1 0.7362406716417911 0.7854634831460674 0.08208955223880597 0.08707865168539326
1 0.8122667910447762 0.3846558988764045 0.039645522388059705 0.09445224719101124
1 0.7454524253731343 0.413623595505618 0.035680970149253734 0.061095505617977525
1 0.6861007462686567 0.3983497191011236 0.04664179104477612 0.05793539325842697
1 0.6476212686567164 0.23349719101123595 0.058768656716417914 0.061095505617977525
1 0.5298507462686567 0.6869733146067416 0.0708955223880597 0.06425561797752809
1 0.7083722014925373 0.36235955056179775 0.024486940298507464 0.0351123595505618
1 0.7413712686567164 0.3297050561797753 0.05970149253731343 0.05196629213483146
1 0.41126399253731344 0.6434339887640449 0.0324160447761194 0.12394662921348315
1 0.314365671641791 0.6832865168539326 0.06203358208955224 0.0351123595505618
2 0.3344216417910448 0.4629564606741573 0.07649253731343283 0.08110955056179775
2 0.29757462686567165 0.597436797752809 0.07509328358208955 0.06987359550561797
2 0.26084421641791045 0.65625 0.04640858208955224 0.12008426966292135
2 0.2653917910447761 0.7828300561797753 0.06436567164179105 0.13799157303370788
2 0.6887826492537313 0.7522823033707865 0.07952425373134328 0.11762640449438203
2 0.6175373134328358 0.858497191011236 0.08115671641791045 0.10393258426966293
2 0.566464552238806 0.9073033707865169 0.08722014925373134 0.09269662921348315
2 0.46361940298507465 0.8019662921348315 0.08255597014925373 0.09480337078651685
2 0.33150652985074625 0.9422401685393258 0.09771455223880597 0.09515449438202248
2 0.8043376865671642 0.4945575842696629 0.09235074626865672 0.16467696629213482