0 0.17980410447761194 0.4176615168539326 0.12173507462686567 0.22155898876404495
1 0.6175373134328358 0.4787570224719101 0.060167910447761194 0.10428370786516854
1 0.6422574626865671 0.616748595505618 0.08255597014925373 0.10849719101123595
1 0.7083722014925373 0.4629564606741573 0.07346082089552239 0.09023876404494383
1 0.4688666044776119 0.6787219101123596 0.059934701492537316 0.10182584269662921
1 0.5265858208955224 0.3611306179775281 0.04664179104477612 0.10849719101123595
1 0.5597014925373134 0.27633426966292135 0.03451492537313433 0.0702247191011236
1 0.38782649253731344 0.5849719101123596 0.07509328358208955 0.12219101123595505
1 0.5957322761194029 0.6720505617977528 0.07952425373134328 0.10182584269662921
1 0.6785214552238806 0.47173455056179775 0.11263992537313433 0.20470505617977527
1 0.27635261194029853 0.5152738764044944 0.052705223880597014 0.06566011235955056
1 0.30923507462686567 0.8793890449438202 0.05177238805970149 0.09796348314606741
1 0.3361707089552239 0.6053370786516854 0.026352611940298507 0.04424157303370786
1 0.39750466417910446 0.3182935393258427 0.03148320895522388 0.056530898876404494
1 0.621152052238806 0.04863061797752809 0.03055037313432836 0.030547752808988762
1 0.6871501865671642 0.04652387640449438 0.022154850746268658 0.03827247191011236
2 0.640741604477612 0.34287219101123595 0.04640858208955224 0.0586376404494382
2 0.5385960820895522 0.33339185393258425 0.06786380597014925 0.16327247191011235
2 0.6258162313432836 0.14097612359550563 0.04967350746268657 0.09023876404494383
2 0.5831389925373134 0.7191011235955056 0.035680970149253734 0.08848314606741572
2 0.6424906716417911 0.25245786516853935 0.036380597014925374 0.059691011235955056
2 0.7063899253731343 0.2930126404494382 0.0708955223880597 0.051615168539325844
2 0.17432369402985073 0.7450842696629213 0.04361007462686567 0.10393258426966293
2 0.18411847014925373 0.8472612359550562 0.038479477611940295 0.09480337078651685
2 0.566464552238806 0.09375 0.058768656716417914 0.0351123595505618
2 0.7221315298507462 0.238061797752809 0.025419776119402986 0.027387640449438203
2 0.7154850746268657 0.3319873595505618 0.03871268656716418 0.02914325842696629
2 0.5947994402985075 0.40747893258426965 0.02028917910447761 0.03686797752808989