0 0.15951492537313433 0.4280196629213483 0.13805970149253732 0.23735955056179775
1 0.4906716417910448 0.6595856741573034 0.05550373134328358 0.09936797752808989
1 0.45009328358208955 0.5115870786516854 0.061567164179104475 0.11095505617977527
2 0.5987639925373134 0.519311797752809 0.05247201492537314 0.0723314606741573
2 0.5784748134328358 0.6111306179775281 0.09025186567164178 0.056530898876404494
2 0.3396688432835821 0.7884480337078652 0.1261660447761194 0.11762640449438203
2 0.507929104477612 0.8291783707865169 0.11100746268656717 0.10428370786516854
2 0.5724113805970149 0.7025983146067416 0.03894589552238806 0.0723314606741573
2 0.33138992537313433 0.7921348314606742 0.06763059701492537 0.1151685393258427
2 0.3636893656716418 0.7884480337078652 0.06319962686567164 0.10849719101123595
2 0.6459888059701493 0.675561797752809 0.06389925373134328 0.09339887640449439
2 0.6459888059701493 0.7617626404494382 0.04151119402985075 0.042485955056179775
2 0.5785914179104478 0.8488412921348315 0.03451492537313433 0.06706460674157304
2 0.5725279850746269 0.7626404494382022 0.04477611940298507 0.05337078651685393
2 0.6120569029850746 0.9259129213483146 0.0324160447761194 0.05056179775280899
2 0.8231110074626866 0.3319873595505618 0.026352611940298507 0.0684691011235955
2 0.7804337686567164 0.38992275280898875 0.07486007462686567 0.04108146067415731
2 0.7140858208955224 0.3867626404494382 0.11054104477611941 0.06566011235955056
2 0.8175139925373134 0.40291432584269665 0.05573694029850746 0.06706460674157304
2 0.5851212686567164 0.09673455056179775 0.04151119402985075 0.05021067415730337