0 0.6911147388059702 0.5182584269662921 0.13502798507462688 0.21910112359550563
2 0.12943097014925373 0.5207162921348315 0.03311567164179104 0.061095505617977525
2 0.16476212686567165 0.5839185393258427 0.04361007462686567 0.07443820224719101
2 0.17525652985074627 0.29231039325842695 0.03754664179104478 0.056530898876404494
2 0.3772154850746269 0.5918188202247191 0.06319962686567164 0.08110955056179775
2 0.4117304104477612 0.5726825842696629 0.1201026119402985 0.042837078651685394
2 0.45382462686567165 0.5296699438202247 0.07509328358208955 0.11551966292134831
2 0.443330223880597 0.43030196629213485 0.06623134328358209 0.09726123595505617
2 0.423740671641791 0.22103230337078653 0.04197761194029851 0.0586376404494382
2 0.46956623134328357 0.6272823033707865 0.03334888059701493 0.0488061797752809
1 0.37989738805970147 0.16099016853932585 0.03451492537313433 0.05933988764044944