0 0.7361240671641791 0.5500351123595506 0.1261660447761194 0.19206460674157302
1 0.4432136194029851 0.4866573033707865 0.19519589552238806 0.17837078651685392
1 0.40718283582089554 0.5902387640449438 0.14412313432835822 0.38202247191011235
1 0.45604011194029853 0.5149227528089888 0.24790111940298507 0.23490168539325842
1 0.3104011194029851 0.9004564606741573 0.08861940298507463 0.09726123595505617
1 0.3712686567164179 0.32917837078651685 0.06623134328358209 0.13588483146067415
1 0.39680503731343286 0.20189606741573032 0.07206156716417911 0.08356741573033707
2 0.2760027985074627 0.34287219101123595 0.05853544776119403 0.09936797752808989
2 0.27215485074626866 0.43469101123595505 0.04197761194029851 0.056179775280898875
2 0.7653917910447762 0.7998595505617978 0.052705223880597014 0.10393258426966293
2 0.5380130597014925 0.745435393258427 0.0480410447761194 0.0723314606741573
2 0.2271455223880597 0.5466994382022472 0.060167910447761194 0.08146067415730338
2 0.22632929104477612 0.12605337078651685 0.04361007462686567 0.06320224719101124
2 0.7158348880597015 0.19838483146067415 0.04640858208955224 0.06320224719101124
2 0.6468050373134329 0.1170997191011236 0.04640858208955224 0.06776685393258428
2 0.5619169776119403 0.11025280898876405 0.06926305970149253 0.08567415730337079
2 0.6738572761194029 0.1639747191011236 0.04267723880597015 0.04143258426966292