0 0.26609141791044777 0.47208567415730335 0.13805970149253732 0.18995786516853932
1 0.5559701492537313 0.29231039325842695 0.04197761194029851 0.16046348314606743
1 0.6188199626865671 0.29002808988764045 0.05387126865671642 0.13342696629213482
1 0.6062266791044776 0.6630969101123596 0.0673973880597015 0.09726123595505617
1 0.7503498134328358 0.6664325842696629 0.07066231343283583 0.1404494382022472
1 0.6918143656716418 0.5103581460674157 0.13362873134328357 0.09936797752808989
1 0.5943330223880597 0.4922752808988764 0.059934701492537316 0.07514044943820225
1 0.5573694029850746 0.5519662921348315 0.052705223880597014 0.05337078651685393
1 0.687616604477612 0.7289325842696629 0.06599813432835822 0.059691011235955056
1 0.6627798507462687 0.5091292134831461 0.19076492537313433 0.10533707865168539
2 0.5153917910447762 0.8154845505617978 0.045242537313432835 0.06776685393258428
2 0.36007462686567165 0.7285814606741573 0.04057835820895522 0.06530898876404495