0 0.1677938432835821 0.4787570224719101 0.14249067164179105 0.21242977528089887
2 0.2564132462686567 0.6290379213483146 0.04967350746268657 0.09726123595505617
2 0.2121035447761194 0.6630969101123596 0.05713619402985075 0.056530898876404494
2 0.2954757462686567 0.3941362359550562 0.09468283582089553 0.16046348314606743
2 0.2511660447761194 0.2459620786516854 0.08722014925373134 0.13588483146067415
2 0.39528917910447764 0.2110252808988764 0.13526119402985073 0.13342696629213482
2 0.2653917910447761 0.12938904494382023 0.12453358208955224 0.15133426966292135
2 0.4568563432835821 0.12148876404494383 0.06902985074626866 0.08146067415730338
2 0.49661847014925375 0.17134831460674158 0.07346082089552239 0.12219101123595505
2 0.4140625 0.47770365168539325 0.09444962686567164 0.16959269662921347
2 0.5191231343283582 0.5839185393258427 0.10074626865671642 0.08356741573033707
2 0.5873367537313433 0.5409058988764045 0.05387126865671642 0.18293539325842698
2 0.6806203358208955 0.5159761235955056 0.07206156716417911 0.15133426966292135
2 0.5025652985074627 0.44820926966292135 0.09468283582089553 0.18785112359550563
2 0.5776585820895522 0.9015098314606742 0.061567164179104475 0.09023876404494383
2 0.7376399253731343 0.45610955056179775 0.0480410447761194 0.12640449438202248
2 0.7983908582089553 0.4957865168539326 0.07066231343283583 0.1151685393258427
2 0.8112173507462687 0.5122893258426966 0.08418843283582089 0.13553370786516855
2 0.7075559701492538 0.19048455056179775 0.03591417910447761 0.056530898876404494
2 0.660214552238806 0.07865168539325842 0.061567164179104475 0.08567415730337079
2 0.7136194029850746 0.2594803370786517 0.06623134328358209 0.06320224719101124
2 0.8157649253731343 0.3555126404494382 0.0480410447761194 0.06987359550561797
2 0.6363106343283582 0.6946980337078652 0.10051305970149253 0.1014747191011236
2 0.7173507462686567 0.8123244382022472 0.11240671641791045 0.09726123595505617
2 0.3907416044776119 0.8268960674157303 0.15321828358208955 0.13553370786516855
2 0.7434701492537313 0.3204002808988764 0.05783582089552239 0.055126404494382025
1 0.5755597014925373 0.32742275280898875 0.07509328358208955 0.1113061797752809