0 0.7181669776119403 0.4787570224719101 0.1201026119402985 0.2033005617977528
1 0.449277052238806 0.4766502808988764 0.06599813432835822 0.07689606741573034
1 0.287196828358209 0.4731390449438202 0.07206156716417911 0.08813202247191011
1 0.3179804104477612 0.6371137640449438 0.08558768656716417 0.1716994382022472
1 0.17747201492537312 0.5951544943820225 0.07509328358208955 0.13342696629213482
1 0.27588619402985076 0.8721910112359551 0.14878731343283583 0.13553370786516855
1 0.47166511194029853 0.686622191011236 0.1802705223880597 0.1716994382022472
1 0.26236007462686567 0.6959269662921348 0.1935634328358209 0.10393258426966293
1 0.1880830223880597 0.5307233146067416 0.059934701492537316 0.21242977528089887
1 0.35027985074626866 0.36235955056179775 0.09001865671641791 0.10182584269662921
1 0.5199393656716418 0.8223314606741573 0.09911380597014925 0.08146067415730338
1 0.3843283582089552 0.2266502808988764 0.03544776119402985 0.07198033707865169
1 0.25 0.42433286516853935 0.05457089552238806 0.051615168539325844
1 0.1515858208955224 0.328125 0.058768656716417914 0.06706460674157304
1 0.2312266791044776 0.18311095505617977 0.035680970149253734 0.0761938202247191
1 0.2925606343283582 0.2777387640449438 0.0324160447761194 0.04915730337078652
1 0.33313899253731344 0.9571629213483146 0.050606343283582086 0.03651685393258427
1 0.36812033582089554 0.8732443820224719 0.03941231343283582 0.08848314606741572