0 0.6204524253731343 0.4708567415730337 0.11403917910447761 0.16081460674157302
1 0.25104944029850745 0.6427317415730337 0.07206156716417911 0.09726123595505617
1 0.2992070895522388 0.5635533707865169 0.060167910447761194 0.08356741573033707
1 0.16254664179104478 0.602001404494382 0.09328358208955224 0.1288623595505618
1 0.14307369402985073 0.39150280898876405 0.078125 0.28230337078651685
1 0.14307369402985073 0.44259129213483145 0.14109141791044777 0.0860252808988764
1 0.1806203358208955 0.3804424157303371 0.06599813432835822 0.20540730337078653
1 0.18889925373134328 0.33497191011235955 0.16371268656716417 0.1151685393258427
1 0.33302238805970147 0.4392556179775281 0.04664179104477612 0.061095505617977525
1 0.32765858208955223 0.2694873595505618 0.13199626865671643 0.056530898876404494
1 0.824043843283582 0.43802668539325845 0.056669776119402986 0.045997191011235956
1 0.808768656716418 0.37025983146067415 0.04664179104477612 0.047401685393258425
1 0.20032649253731344 0.6609901685393258 0.0648320895522388 0.06425561797752809
1 0.1886660447761194 0.6021769662921348 0.04151119402985075 0.13904494382022473