0 0.7293610074626866 0.616748595505618 0.13642723880597016 0.21242977528089887
1 0.2459188432835821 0.5001755617977528 0.07066231343283583 0.13799157303370788
1 0.30597014925373134 0.4664676966292135 0.049440298507462684 0.16959269662921347
1 0.26923973880597013 0.4866573033707865 0.1201026119402985 0.12008426966292135
1 0.2540811567164179 0.7354283707865169 0.09911380597014925 0.19206460674157302
1 0.34270055970149255 0.8846558988764045 0.08698694029850747 0.11973314606741572
1 0.28486473880597013 0.8383075842696629 0.16068097014925373 0.10849719101123595
1 0.3636893656716418 0.6641502808988764 0.05107276119402985 0.0860252808988764
1 0.48169309701492535 0.49332865168539325 0.10657649253731344 0.25491573033707865
1 0.44111473880597013 0.4155547752808989 0.18773320895522388 0.11762640449438203
1 0.394472947761194 0.3574438202247191 0.07346082089552239 0.20575842696629212
1 0.6017957089552238 0.5375702247191011 0.08558768656716417 0.08146067415730338
1 0.2809001865671642 0.5768960674157303 0.041744402985074626 0.061095505617977525
2 0.531133395522388 0.8414676966292135 0.06459888059701492 0.09726123595505617