0 0.21361940298507462 0.48893960674157305 0.11707089552238806 0.20540730337078653
1 0.47562966417910446 0.20979634831460675 0.07346082089552239 0.1267556179775281
1 0.7076725746268657 0.22103230337078653 0.078125 0.16748595505617977
1 0.7699393656716418 0.24367977528089887 0.04640858208955224 0.1580056179775281
1 0.546875 0.24929775280898878 0.0480410447761194 0.09691011235955056
1 0.5048973880597015 0.09778792134831461 0.12919776119402984 0.09726123595505617
1 0.09340018656716417 0.5103581460674157 0.04500932835820896 0.09515449438202248
1 0.6663945895522388 0.7510533707865169 0.13362873134328357 0.17415730337078653
1 0.6385261194029851 0.7557935393258427 0.060167910447761194 0.16046348314606743
1 0.6693097014925373 0.7770365168539326 0.12453358208955224 0.11306179775280899
1 0.683535447761194 0.5240519662921348 0.06902985074626866 0.14922752808988765
1 0.793143656716418 0.6743328651685393 0.06623134328358209 0.09726123595505617
1 0.35401119402985076 0.06548455056179775 0.12686567164179105 0.09164325842696629
1 0.3316231343283582 0.10902387640449439 0.08022388059701492 0.16327247191011235
1 0.42490671641791045 0.7320926966292135 0.06809701492537314 0.11165730337078651
1 0.6541511194029851 0.26246488764044945 0.06576492537313433 0.08251404494382023
1 0.6809701492537313 0.15098314606741572 0.06296641791044776 0.07654494382022473
1 0.419892723880597 0.30003511235955055 0.08838619402985075 0.056530898876404494
1 0.18353544776119404 0.24262640449438203 0.039645522388059705 0.18328651685393257
1 0.5973647388059702 0.8962429775280899 0.05387126865671642 0.12535112359550563
1 0.2433535447761194 0.8892205056179775 0.06180037313432836 0.08110955056179775
1 0.5222714552238806 0.5075491573033708 0.18773320895522388 0.30723314606741575
2 0.3435167910447761 0.6392205056179775 0.05550373134328358 0.07689606741573034
2 0.5356809701492538 0.8291783707865169 0.04057835820895522 0.04950842696629214
2 0.6891324626865671 0.8725421348314607 0.042444029850746266 0.05337078651685393
2 0.6921641791044776 0.449438202247191 0.05690298507462686 0.05056179775280899
2 0.7905783582089553 0.40150983146067415 0.052705223880597014 0.0488061797752809
2 0.828125 0.3395365168539326 0.022388059701492536 0.04424157303370786
2 0.8317397388059702 0.6206109550561798 0.03754664179104478 0.047401685393258425