0 0.6782882462686567 0.5259831460674157 0.12756529850746268 0.2169943820224719
1 0.12126865671641791 0.49473314606741575 0.05550373134328358 0.2169943820224719
1 0.3636893656716418 0.5057935393258427 0.08698694029850747 0.06776685393258428
1 0.36380597014925375 0.6731039325842697 0.09001865671641791 0.0723314606741573
1 0.2954757462686567 0.7636938202247191 0.04664179104477612 0.12640449438202248
1 0.19927705223880596 0.7533356741573034 0.07346082089552239 0.16046348314606743
1 0.16021455223880596 0.6313202247191011 0.07649253731343283 0.12429775280898876
1 0.13549440298507462 0.42679073033707865 0.07509328358208955 0.0860252808988764
1 0.339785447761194 0.44469803370786515 0.0480410447761194 0.18082865168539325
1 0.24067164179104478 0.35217696629213485 0.14412313432835822 0.06320224719101124
1 0.277402052238806 0.2752808988764045 0.06459888059701492 0.20786516853932585
1 0.3283582089552239 0.20856741573033707 0.16930970149253732 0.08356741573033707
1 0.33885261194029853 0.21980337078651685 0.061567164179104475 0.16502808988764045
1 0.39225746268656714 0.15168539325842698 0.04197761194029851 0.15168539325842698
1 0.3773320895522388 0.711376404494382 0.0480410447761194 0.15379213483146068
1 0.39598880597014924 0.7726474719101124 0.08255597014925373 0.04950842696629214
1 0.5551539179104478 0.33514747191011235 0.03754664179104478 0.056530898876404494
1 0.4380830223880597 0.5326544943820225 0.059934701492537316 0.13132022471910113
1 0.498017723880597 0.3655196629213483 0.05387126865671642 0.07794943820224719
1 0.4392490671641791 0.1662570224719101 0.04361007462686567 0.07970505617977527
1 0.49696828358208955 0.8121488764044944 0.09421641791044776 0.06390449438202248
1 0.5522388059701493 0.7090941011235955 0.09328358208955224 0.0839185393258427
1 0.3062033582089552 0.9382022471910112 0.13899253731343283 0.09339887640449439
1 0.31296641791044777 0.8663974719101124 0.04664179104477612 0.09023876404494383
2 0.605293843283582 0.09445224719101124 0.05387126865671642 0.07654494382022473
2 0.4763292910447761 0.05021067415730337 0.08092350746268656 0.05196629213483146
2 0.48915578358208955 0.47191011235955055 0.04640858208955224 0.04073033707865169
2 0.8127332089552238 0.5635533707865169 0.06902985074626866 0.09269662921348315