0 0.22329757462686567 0.29564606741573035 0.12150186567164178 0.20365168539325842
1 0.4583722014925373 0.5057935393258427 0.05713619402985075 0.0860252808988764
1 0.3712686567164179 0.3804424157303371 0.060167910447761194 0.06566011235955056
1 0.5026819029850746 0.21418539325842698 0.04361007462686567 0.10393258426966293
1 0.3863106343283582 0.46962780898876405 0.030083955223880597 0.07689606741573034
1 0.6282649253731343 0.27844101123595505 0.04477611940298507 0.06882022471910113
2 0.4920708955223881 0.3985252808988764 0.04057835820895522 0.061095505617977525
2 0.5236707089552238 0.48893960674157305 0.05247201492537314 0.0839185393258427
2 0.34713152985074625 0.5851474719101124 0.05387126865671642 0.06776685393258428
2 0.4005363805970149 0.6583567415730337 0.04361007462686567 0.061095505617977525
2 0.420009328358209 0.5702247191011236 0.04057835820895522 0.061095505617977525