0 0.22108208955223882 0.5454705056179775 0.12313432835820895 0.19206460674157302
1 0.4493936567164179 0.25684691011235955 0.08115671641791045 0.07689606741573034
1 0.5139925373134329 0.3590238764044944 0.07509328358208955 0.10849719101123595
1 0.6024953358208955 0.3340941011235955 0.07206156716417911 0.21734550561797752
1 0.5595848880597015 0.35674157303370785 0.15461753731343283 0.09480337078651685
1 0.6789878731343284 0.42907303370786515 0.09305037313432836 0.12219101123595505
1 0.4898554104477612 0.503686797752809 0.06319962686567164 0.18995786516853932
1 0.546991604477612 0.6595856741573034 0.05713619402985075 0.09023876404494383
1 0.6737406716417911 0.6548455056179775 0.12173507462686567 0.12219101123595505
1 0.7046408582089553 0.6573033707865169 0.05713619402985075 0.12219101123595505
1 0.6459888059701493 0.6527387640449438 0.06296641791044776 0.12219101123595505
1 0.550722947761194 0.8505969101123596 0.07066231343283583 0.11973314606741572
1 0.5791744402985075 0.4527738764044944 0.11263992537313433 0.1014747191011236
1 0.5754430970149254 0.42907303370786515 0.19519589552238806 0.13132022471910113
1 0.5829057835820896 0.8393609550561798 0.11124067164179105 0.08813202247191011
1 0.3868936567164179 0.2579002808988764 0.05083955223880597 0.03967696629213483
1 0.3903917910447761 0.3219803370786517 0.05783582089552239 0.042837078651685394
1 0.44368003731343286 0.4808637640449438 0.06273320895522388 0.0761938202247191
1 0.7463852611940298 0.5953300561797753 0.078125 0.0761938202247191
1 0.6202192164179104 0.6504564606741573 0.08512126865671642 0.0488061797752809
1 0.6531016791044776 0.793188202247191 0.03148320895522388 0.059691011235955056
1 0.5446595149253731 0.5617977528089888 0.04967350746268657 0.06741573033707865