0 0.7571128731343284 0.5553019662921348 0.1201026119402985 0.19417134831460675
1 0.20230876865671643 0.6546699438202247 0.05853544776119403 0.0860252808988764
1 0.23076026119402984 0.6890800561797753 0.06459888059701492 0.0860252808988764
1 0.271455223880597 0.41889044943820225 0.04057835820895522 0.11095505617977527
1 0.29769123134328357 0.39167837078651685 0.08698694029850747 0.056530898876404494
1 0.34270055970149255 0.4311797752808989 0.032882462686567165 0.10393258426966293
1 0.42607276119402987 0.5342345505617978 0.0914179104477612 0.06566011235955056
1 0.1906483208955224 0.5075491573033708 0.03754664179104478 0.05933988764044944
1 0.2580457089552239 0.42433286516853935 0.06693097014925373 0.06425561797752809
1 0.27845149253731344 0.41660814606741575 0.08115671641791045 0.10990168539325842
1 0.34538246268656714 0.39536516853932585 0.08115671641791045 0.06390449438202248
1 0.3362873134328358 0.47331460674157305 0.07509328358208955 0.10393258426966293
1 0.46000466417910446 0.382373595505618 0.0324160447761194 0.09339887640449439
1 0.527402052238806 0.3160112359550562 0.03334888059701493 0.07935393258426966
1 0.24848414179104478 0.6472963483146067 0.06599813432835822 0.06706460674157304