0 0.7728544776119403 0.5138693820224719 0.12173507462686567 0.17872191011235955
1 0.7234141791044776 0.14518960674157302 0.06763059701492537 0.1288623595505618
1 0.2916277985074627 0.40870786516853935 0.02681902985074627 0.05898876404494382
1 0.38770988805970147 0.41327247191011235 0.03894589552238806 0.12219101123595505
1 0.3411847014925373 0.4515449438202247 0.05690298507462686 0.1446629213483146
1 0.32392723880597013 0.8258426966292135 0.07649253731343283 0.09269662921348315
1 0.3599580223880597 0.4685744382022472 0.09165111940298508 0.10639044943820225
1 0.458955223880597 0.7777387640449438 0.042444029850746266 0.14185393258426968
1 0.7463852611940298 0.19224016853932585 0.03754664179104478 0.12816011235955055
1 0.7053404850746269 0.0761938202247191 0.03055037313432836 0.061095505617977525
1 0.29419309701492535 0.7884480337078652 0.04967350746268657 0.07198033707865169