0 0.6767723880597015 0.5553019662921348 0.10074626865671642 0.1716994382022472
1 0.4688666044776119 0.5172050561797753 0.06319962686567164 0.06320224719101124
1 0.4988339552238806 0.5702247191011236 0.12919776119402984 0.05196629213483146
1 0.47329757462686567 0.543188202247191 0.059934701492537316 0.10182584269662921
1 0.5642490671641791 0.5180828651685393 0.05853544776119403 0.16959269662921347
1 0.23915578358208955 0.29792837078651685 0.08418843283582089 0.06776685393258428
1 0.44029850746268656 0.444873595505618 0.045242537313432835 0.1172752808988764
1 0.36205690298507465 0.7015449438202247 0.025419776119402986 0.05337078651685393
1 0.2534981343283582 0.20066713483146068 0.05363805970149254 0.12043539325842696
1 0.7667910447761194 0.25087780898876405 0.039645522388059705 0.0839185393258427
2 0.7263292910447762 0.24929775280898878 0.04640858208955224 0.16924157303370788
2 0.8111007462686567 0.5747893258426966 0.06902985074626866 0.05196629213483146
2 0.293027052238806 0.23700842696629212 0.05387126865671642 0.0723314606741573
2 0.2946595149253731 0.06179775280898876 0.06926305970149253 0.061095505617977525
2 0.7484841417910447 0.14729634831460675 0.025419776119402986 0.09304775280898876
2 0.7480177238805971 0.17854634831460675 0.06693097014925373 0.07338483146067416
2 0.7955923507462687 0.22963483146067415 0.02028917910447761 0.08426966292134831
2 0.8134328358208955 0.5862008426966292 0.07416044776119403 0.07338483146067416
2 0.6252332089552238 0.03651685393258427 0.048507462686567165 0.0702247191011236
2 0.554804104477612 0.7198033707865169 0.04151119402985075 0.047050561797752806