0 0.2601445895522388 0.45610955056179775 0.10517723880597014 0.16713483146067415
1 0.4777285447761194 0.5093047752808989 0.05387126865671642 0.07478932584269662
1 0.5942164179104478 0.17134831460674158 0.022388059701492536 0.08146067415730338
1 0.625 0.2930126404494382 0.07789179104477612 0.06776685393258428
1 0.5537546641791045 0.4801615168539326 0.025419776119402986 0.056530898876404494
1 0.5831389925373134 0.09006320224719101 0.05153917910447761 0.0488061797752809
1 0.4837919776119403 0.07162921348314606 0.02728544776119403 0.033707865168539325
2 0.41103078358208955 0.4594452247191011 0.07952425373134328 0.08813202247191011
2 0.46956623134328357 0.1680126404494382 0.0673973880597015 0.07900280898876405
2 0.12721548507462688 0.31741573033707865 0.05480410447761194 0.07935393258426966
2 0.3138992537313433 0.2945926966292135 0.022388059701492536 0.03651685393258427
2 0.27635261194029853 0.648876404494382 0.024253731343283583 0.05196629213483146
2 0.5634328358208955 0.13412921348314608 0.022388059701492536 0.054775280898876406
2 0.46408582089552236 0.6878511235955056 0.03451492537313433 0.04424157303370786