0 0.738339552238806 0.4527738764044944 0.13059701492537312 0.21945224719101122
1 0.20755597014925373 0.5939255617977528 0.06623134328358209 0.18995786516853932
1 0.2864972014925373 0.5702247191011236 0.05853544776119403 0.1425561797752809
1 0.36229011194029853 0.42240168539325845 0.04500932835820896 0.11306179775280899
1 0.3787313432835821 0.5783005617977528 0.06902985074626866 0.15379213483146068
1 0.39155783582089554 0.4978932584269663 0.08861940298507463 0.16502808988764045
1 0.42455690298507465 0.4652387640449438 0.07346082089552239 0.11306179775280899
1 0.34421641791044777 0.27844101123595505 0.06902985074626866 0.12429775280898876
1 0.41324626865671643 0.27861657303370785 0.07509328358208955 0.06566011235955056
1 0.39528917910447764 0.7410463483146067 0.13199626865671643 0.08110955056179775
1 0.46548507462686567 0.43275983146067415 0.07602611940298508 0.1815308988764045
1 0.18201958955223882 0.4585674157303371 0.05900186567164179 0.07794943820224719
1 0.3970382462686567 0.8205758426966292 0.14622201492537312 0.059691011235955056
1 0.35494402985074625 0.6609901685393258 0.05363805970149254 0.14992977528089887
2 0.44041511194029853 0.3746488764044944 0.05107276119402985 0.04073033707865169