0 0.7992070895522388 0.4945575842696629 0.11100746268656717 0.2033005617977528
1 0.3885261194029851 0.5043890449438202 0.07649253731343283 0.08813202247191011
1 0.43062033582089554 0.6358848314606742 0.10657649253731344 0.09691011235955056
1 0.4088152985074627 0.602001404494382 0.0480410447761194 0.15625
1 0.488339552238806 0.7069873595505618 0.08722014925373134 0.04529494382022472
1 0.5011660447761194 0.7296348314606742 0.049440298507462684 0.17626404494382023
1 0.527402052238806 0.6041081460674157 0.03894589552238806 0.056530898876404494
1 0.6226679104477612 0.5737359550561798 0.061567164179104475 0.04073033707865169
1 0.5776585820895522 0.6674859550561798 0.049440298507462684 0.14676966292134833
1 0.5971315298507462 0.6976825842696629 0.08558768656716417 0.06320224719101124
1 0.6293143656716418 0.5330056179775281 0.05387126865671642 0.05898876404494382
1 0.4193097014925373 0.594627808988764 0.08722014925373134 0.0839185393258427
1 0.6567164179104478 0.5005266853932584 0.09748134328358209 0.10990168539325842
1 0.523320895522388 0.7847612359550562 0.09235074626865672 0.06741573033707865
2 0.2795009328358209 0.5393258426966292 0.10331156716417911 0.12851123595505617
2 0.4409981343283582 0.2559691011235955 0.11147388059701492 0.11235955056179775
2 0.578008395522388 0.3398876404494382 0.10890858208955224 0.15589887640449437
2 0.5092117537313433 0.30775983146067415 0.24650186567164178 0.21804775280898878
2 0.3541277985074627 0.8477879213483146 0.09444962686567164 0.11481741573033707