0 0.20090951492537312 0.40308988764044945 0.11263992537313433 0.18328651685393257
1 0.6423740671641791 0.06618679775280899 0.03754664179104478 0.0839185393258427
1 0.5982975746268657 0.0898876404494382 0.04967350746268657 0.05196629213483146
1 0.6922807835820896 0.3532303370786517 0.07299440298507463 0.05337078651685393
2 0.28043376865671643 0.38149578651685395 0.06459888059701492 0.04529494382022472
2 0.2946595149253731 0.449438202247191 0.09025186567164178 0.09480337078651685
2 0.3434001865671642 0.31372893258426965 0.08558768656716417 0.08110955056179775
2 0.5356809701492538 0.2638693820224719 0.10074626865671642 0.06776685393258428
2 0.5282182835820896 0.2245435393258427 0.09468283582089553 0.1288623595505618
2 0.6813199626865671 0.2245435393258427 0.04967350746268657 0.06566011235955056
2 0.6940298507462687 0.45610955056179775 0.03917910447761194 0.04985955056179775
2 0.745918843283582 0.484375 0.04361007462686567 0.06566011235955056
2 0.2916277985074627 0.8607794943820225 0.09305037313432836 0.10849719101123595
2 0.2931436567164179 0.9320575842696629 0.0960820895522388 0.11060393258426966
2 0.3752332089552239 0.08304073033707865 0.02751865671641791 0.05372191011235955
2 0.5369636194029851 0.7161165730337079 0.0324160447761194 0.08251404494382023
2 0.6799207089552238 0.5914676966292135 0.026352611940298507 0.05021067415730337
2 0.4219916044776119 0.9503160112359551 0.08418843283582089 0.056530898876404494
2 0.34538246268656714 0.7457865168539326 0.058768656716417914 0.07162921348314606
2 0.36403917910447764 0.477001404494382 0.039645522388059705 0.04459269662921348
2 0.40111940298507465 0.37166432584269665 0.042444029850746266 0.05372191011235955