0 0.7143190298507462 0.5416081460674157 0.13666044776119404 0.18995786516853932
2 0.45673973880597013 0.7670294943820225 0.10797574626865672 0.10639044943820225
2 0.6115904850746269 0.6346558988764045 0.09911380597014925 0.07689606741573034
2 0.4832089552238806 0.045997191011235956 0.061567164179104475 0.05196629213483146
2 0.4027518656716418 0.037921348314606744 0.08722014925373134 0.04073033707865169
2 0.38176305970149255 0.24139747191011235 0.060167910447761194 0.04529494382022472
2 0.6617304104477612 0.8876404494382022 0.056669776119402986 0.08707865168539326
2 0.699277052238806 0.1251755617977528 0.07905783582089553 0.10077247191011236
2 0.7165345149253731 0.1365870786516854 0.11543843283582089 0.059691011235955056
2 0.17292444029850745 0.5761938202247191 0.03661380597014925 0.06882022471910113
2 0.2678404850746269 0.6655547752808989 0.08418843283582089 0.08251404494382023
2 0.3611240671641791 0.5235252808988764 0.04967350746268657 0.06741573033707865
2 0.16884328358208955 0.7756320224719101 0.05457089552238806 0.08848314606741572
1 0.46396921641791045 0.4432935393258427 0.03661380597014925 0.07478932584269662
1 0.5775419776119403 0.9167837078651685 0.044542910447761194 0.08075842696629214