0 0.6705923507462687 0.6314957865168539 0.12756529850746268 0.16959269662921347
1 0.19099813432835822 0.8688553370786517 0.04197761194029851 0.056530898876404494
1 0.25338152985074625 0.8304073033707865 0.08278917910447761 0.0702247191011236
1 0.31949626865671643 0.7375351123595506 0.04057835820895522 0.10639044943820225
1 0.40356809701492535 0.7579002808988764 0.04361007462686567 0.07478932584269662
1 0.4516091417910448 0.7524578651685393 0.04361007462686567 0.0723314606741573
1 0.29769123134328357 0.6890800561797753 0.08698694029850747 0.0586376404494382
1 0.29617537313432835 0.6269311797752809 0.029850746268656716 0.06566011235955056
1 0.3119169776119403 0.5849719101123596 0.05247201492537314 0.15379213483146068
1 0.3396688432835821 0.5623244382022472 0.059934701492537316 0.1309691011235955
1 0.35622667910447764 0.4334620786516854 0.059934701492537316 0.06776685393258428
1 0.3929570895522388 0.4729634831460674 0.05550373134328358 0.09269662921348315
1 0.40286847014925375 0.5251053370786517 0.07206156716417911 0.06987359550561797
1 0.2834654850746269 0.4008075842696629 0.05247201492537314 0.06987359550561797
1 0.2375233208955224 0.2866924157303371 0.05387126865671642 0.07689606741573034
1 0.34794776119402987 0.272998595505618 0.01958955223880597 0.0586376404494382
1 0.3472481343283582 0.16678370786516855 0.03311567164179104 0.07654494382022473
1 0.5837220149253731 0.3611306179775281 0.03451492537313433 0.05442415730337079
1 0.355410447761194 0.6778441011235955 0.02845149253731343 0.03616573033707865
1 0.38747667910447764 0.14343398876404495 0.04967350746268657 0.055126404494382025
1 0.4767957089552239 0.746313202247191 0.09631529850746269 0.0761938202247191
1 0.38362873134328357 0.7568469101123596 0.08208955223880597 0.06706460674157304
2 0.25652985074626866 0.32882724719101125 0.09421641791044776 0.047401685393258425
2 0.22003264925373134 0.382373595505618 0.059934701492537316 0.09620786516853932
2 0.09689832089552239 0.40765449438202245 0.038479477611940295 0.061095505617977525
2 0.5731110074626866 0.10516151685393259 0.04967350746268657 0.08251404494382023
2 0.3765158582089552 0.19259129213483145 0.024953358208955223 0.03967696629213483