0 0.6564832089552238 0.46962780898876405 0.11707089552238806 0.18082865168539325
1 0.3712686567164179 0.4178370786516854 0.03591417910447761 0.04985955056179775
1 0.33896921641791045 0.3983497191011236 0.03148320895522388 0.08813202247191011
1 0.2691231343283582 0.503686797752809 0.0480410447761194 0.027036516853932584
1 0.10774253731343283 0.5545997191011236 0.03171641791044776 0.16959269662921347
1 0.12196828358208955 0.6076193820224719 0.06296641791044776 0.05442415730337079
1 0.173857276119403 0.5783005617977528 0.022621268656716417 0.08146067415730338
1 0.17222481343283583 0.2243679775280899 0.07952425373134328 0.08356741573033707
1 0.193330223880597 0.2696629213483146 0.03451492537313433 0.12429775280898876
1 0.16476212686567165 0.34427668539325845 0.04967350746268657 0.056530898876404494
1 0.3029384328358209 0.18714887640449437 0.03451492537313433 0.13132022471910113
1 0.4259561567164179 0.26281601123595505 0.05853544776119403 0.056530898876404494
1 0.3509794776119403 0.24701544943820225 0.061567164179104475 0.047401685393258425
1 0.44402985074626866 0.1306179775280899 0.02845149253731343 0.0997191011235955
1 0.3306902985074627 0.15853230337078653 0.029850746268656716 0.1288623595505618
1 0.6557835820895522 0.2617626404494382 0.03171641791044776 0.06776685393258428
1 0.4154617537313433 0.35217696629213485 0.05853544776119403 0.08567415730337079
1 0.28043376865671643 0.6411516853932584 0.028684701492537313 0.05898876404494382
1 0.34794776119402987 0.8360252808988764 0.061567164179104475 0.08146067415730338
1 0.36298973880597013 0.9208216292134831 0.05853544776119403 0.047401685393258425
1 0.12569962686567165 0.5923455056179775 0.06996268656716417 0.10393258426966293
1 0.3884095149253731 0.23577949438202248 0.09444962686567164 0.1113061797752809
2 0.7308768656716418 0.7896769662921348 0.04664179104477612 0.07443820224719101
2 0.42234141791044777 0.20733848314606743 0.03917910447761194 0.06776685393258428
2 0.5202891791044776 0.30740870786516855 0.029384328358208957 0.047401685393258425
2 0.8266091417910447 0.41660814606741575 0.05387126865671642 0.06425561797752809
2 0.07917444029850747 0.5182584269662921 0.025419776119402986 0.05056179775280899
2 0.17840485074626866 0.4984199438202247 0.11054104477611941 0.08110955056179775