0 0.228544776119403 0.5215941011235955 0.12313432835820895 0.22155898876404495
1 0.5081623134328358 0.5846207865168539 0.20988805970149255 0.22612359550561797
1 0.6100746268656716 0.567064606741573 0.12360074626865672 0.17275280898876405
1 0.5141091417910447 0.49315308988764045 0.09025186567164178 0.14360955056179775
1 0.39354011194029853 0.5244030898876404 0.07999067164179105 0.056530898876404494
1 0.39505597014925375 0.6365870786516854 0.05690298507462686 0.11587078651685394
1 0.49696828358208955 0.7564957865168539 0.06809701492537314 0.12043539325842696
1 0.43458488805970147 0.6869733146067416 0.05900186567164179 0.11271067415730338
1 0.7545475746268657 0.7029494382022472 0.07999067164179105 0.09620786516853932
1 0.3812966417910448 0.46787219101123595 0.033582089552238806 0.056530898876404494
1 0.7743703358208955 0.8260182584269663 0.03055037313432836 0.03967696629213483
1 0.7407882462686567 0.8725421348314607 0.04874067164179104 0.016853932584269662
1 0.7332089552238806 0.8816713483146067 0.033582089552238806 0.056179775280898875
1 0.6789878731343284 0.9397823033707865 0.06506529850746269 0.056530898876404494
1 0.7175839552238806 0.9044943820224719 0.03451492537313433 0.07162921348314606