0 0.7533815298507462 0.4899929775280899 0.130830223880597 0.18082865168539325
1 0.45988805970149255 0.7737008426966292 0.06296641791044776 0.13799157303370788
1 0.4988339552238806 0.7817766853932584 0.13805970149253732 0.09023876404494383
1 0.504081156716418 0.7134831460674157 0.04361007462686567 0.1446629213483146
1 0.5693796641791045 0.7071629213483146 0.03894589552238806 0.09058988764044944
1 0.6618470149253731 0.41660814606741575 0.04664179104477612 0.08813202247191011
1 0.35027985074626866 0.33497191011235955 0.04197761194029851 0.10182584269662921
1 0.5127098880597015 0.3319873595505618 0.03055037313432836 0.0684691011235955
1 0.37231809701492535 0.31355337078651685 0.04361007462686567 0.04143258426966292
1 0.41884328358208955 0.33655196629213485 0.03544776119402985 0.04108146067415731
1 0.3493470149253731 0.8258426966292135 0.022388059701492536 0.04564606741573034
2 0.2736707089552239 0.7003160112359551 0.03614738805970149 0.06355337078651685
2 0.3246268656716418 0.7907303370786517 0.0480410447761194 0.0723314606741573
2 0.34048507462686567 0.05266853932584269 0.052705223880597014 0.05196629213483146