0 0.7293610074626866 0.371313202247191 0.13642723880597016 0.26439606741573035
1 0.3990205223880597 0.23911516853932585 0.04664179104477612 0.05898876404494382
1 0.2887126865671642 0.1113061797752809 0.0480410447761194 0.061095505617977525
1 0.2992070895522388 0.23560393258426968 0.04197761194029851 0.16502808988764045
1 0.316464552238806 0.21646769662921347 0.07649253731343283 0.09515449438202248
1 0.3538945895522388 0.37025983146067415 0.04361007462686567 0.09515449438202248
1 0.3824626865671642 0.34884129213483145 0.07042910447761194 0.047401685393258425
1 0.3660214552238806 0.4515449438202247 0.04967350746268657 0.06320224719101124
1 0.36007462686567165 0.4041432584269663 0.061567164179104475 0.1580056179775281
1 0.2540811567164179 0.30582865168539325 0.09911380597014925 0.056179775280898875
1 0.21058768656716417 0.3848314606741573 0.029850746268656716 0.10182584269662921
1 0.29011194029850745 0.5043890449438202 0.033582089552238806 0.047401685393258425
1 0.24848414179104478 0.5640800561797753 0.03334888059701493 0.05372191011235955
1 0.261660447761194 0.45558286516853935 0.029384328358208957 0.03827247191011236
1 0.3032882462686567 0.3983497191011236 0.05573694029850746 0.051615168539325844
1 0.19881063432835822 0.5495084269662921 0.059934701492537316 0.054775280898876406