0 0.7518656716417911 0.5342345505617978 0.10680970149253731 0.17872191011235955
1 0.28859608208955223 0.5883075842696629 0.05713619402985075 0.056530898876404494
1 0.3734841417910448 0.5986657303370787 0.08278917910447761 0.0723314606741573
1 0.2662080223880597 0.3804424157303371 0.03894589552238806 0.047401685393258425
1 0.3306902985074627 0.49104634831460675 0.0480410447761194 0.1288623595505618
1 0.4545242537313433 0.42679073033707865 0.05550373134328358 0.1716994382022472
1 0.41336287313432835 0.22103230337078653 0.09305037313432836 0.08110955056179775
1 0.3570429104477612 0.23683286516853932 0.12453358208955224 0.0586376404494382
1 0.31728078358208955 0.253686797752809 0.04500932835820896 0.09726123595505617
1 0.39528917910447764 0.35674157303370785 0.0480410447761194 0.09480337078651685
1 0.37056902985074625 0.449438202247191 0.04057835820895522 0.08567415730337079
1 0.3839785447761194 0.46190308988764045 0.15181902985074627 0.06566011235955056
1 0.4612873134328358 0.30582865168539325 0.04197761194029851 0.056179775280898875
2 0.2678404850746269 0.648876404494382 0.07112873134328358 0.08497191011235955