0 0.1640625 0.47524578651685395 0.1322294776119403 0.2011938202247191
1 0.47551305970149255 0.3532303370786517 0.03451492537313433 0.08356741573033707
1 0.4898554104477612 0.2889747191011236 0.09025186567164178 0.08146067415730338
1 0.5685634328358209 0.4371488764044944 0.058768656716417914 0.10603932584269662
1 0.47166511194029853 0.7171699438202247 0.05713619402985075 0.08813202247191011
2 0.6047108208955224 0.23472612359550563 0.08255597014925373 0.0860252808988764
2 0.6227845149253731 0.09445224719101124 0.07346082089552239 0.08567415730337079
2 0.6075093283582089 0.3648174157303371 0.03125 0.06390449438202248
2 0.7042910447761194 0.22963483146067415 0.022388059701492536 0.0625
2 0.40916511194029853 0.38922050561797755 0.0324160447761194 0.042485955056179775
2 0.40310167910447764 0.9518960674157303 0.03055037313432836 0.04143258426966292
2 0.4594216417910448 0.047928370786516857 0.03544776119402985 0.04459269662921348