0 0.2735541044776119 0.43469101123595505 0.11707089552238806 0.18328651685393257
2 0.5258861940298507 0.770189606741573 0.03451492537313433 0.03827247191011236
2 0.6496035447761194 0.6457162921348315 0.04267723880597015 0.05196629213483146
2 0.7348414179104478 0.18855337078651685 0.022388059701492536 0.0351123595505618
2 0.7297108208955224 0.23964185393258428 0.04664179104477612 0.03967696629213483
2 0.6500699626865671 0.39922752808988765 0.047807835820895525 0.07794943820224719
2 0.6967117537313433 0.4320575842696629 0.03148320895522388 0.055126404494382025
2 0.6632462686567164 0.5686446629213483 0.05970149253731343 0.0684691011235955
2 0.5867537313432836 0.657127808988764 0.058768656716417914 0.03827247191011236
2 0.24790111940298507 0.6657303370786517 0.02845149253731343 0.05196629213483146
2 0.36263992537313433 0.41134129213483145 0.022388059701492536 0.04459269662921348
1 0.7713386194029851 0.24104634831460675 0.0324160447761194 0.0488061797752809