0 0.19542910447761194 0.44820926966292135 0.13805970149253732 0.21032303370786518
1 0.7218983208955224 0.5416081460674157 0.08558768656716417 0.10849719101123595
1 0.6227845149253731 0.5159761235955056 0.11263992537313433 0.11973314606741572
1 0.6970615671641791 0.4222261235955056 0.13199626865671643 0.1267556179775281
1 0.7112873134328358 0.3804424157303371 0.07649253731343283 0.21032303370786518
1 0.644472947761194 0.16099016853932585 0.05713619402985075 0.16959269662921347
1 0.6806203358208955 0.14992977528089887 0.1261660447761194 0.10182584269662921
1 0.48763992537313433 0.3239115168539326 0.04337686567164179 0.07900280898876405
1 0.5236707089552238 0.24719101123595505 0.04967350746268657 0.09269662921348315
1 0.3755830223880597 0.4390800561797753 0.02681902985074627 0.11973314606741572
1 0.44029850746268656 0.4594452247191011 0.15625 0.07900280898876405
1 0.4672341417910448 0.5307233146067416 0.10797574626865672 0.21242977528089887
1 0.35401119402985076 0.7048806179775281 0.16371268656716417 0.1990870786516854
1 0.5364972014925373 0.8393609550561798 0.38736007462686567 0.24192415730337077
1 0.6167210820895522 0.773876404494382 0.09165111940298508 0.23735955056179775
1 0.5153917910447762 0.7329705056179775 0.13199626865671643 0.4273174157303371
1 0.4898554104477612 0.6450140449438202 0.18306902985074627 0.15589887640449437
1 0.754081156716418 0.3871137640449438 0.09305037313432836 0.22366573033707865
1 0.3831623134328358 0.19276685393258428 0.1021455223880597 0.1151685393258427
1 0.5409281716417911 0.1035814606741573 0.06319962686567164 0.06320224719101124
1 0.4050839552238806 0.5761938202247191 0.08115671641791045 0.12359550561797752
1 0.5440764925373134 0.15783005617977527 0.058768656716417914 0.09936797752808989
1 0.3443330223880597 0.824438202247191 0.05480410447761194 0.07935393258426966