0 0.7013759328358209 0.48560393258426965 0.11124067164179105 0.19452247191011235
2 0.3006063432835821 0.5308988764044944 0.06296641791044776 0.0723314606741573
2 0.4846082089552239 0.18486657303370788 0.07369402985074627 0.09515449438202248
2 0.22108208955223882 0.3374297752808989 0.03917910447761194 0.042837078651685394
2 0.2826492537313433 0.39747191011235955 0.0480410447761194 0.04073033707865169
2 0.1962453358208955 0.5545997191011236 0.06459888059701492 0.16959269662921347
2 0.4959188432835821 0.33058286516853935 0.059934701492537316 0.06566011235955056
2 0.6363106343283582 0.7061095505617978 0.07346082089552239 0.061095505617977525
2 0.4605876865671642 0.05372191011235955 0.04664179104477612 0.04985955056179775
2 0.3670708955223881 0.918188202247191 0.0457089552238806 0.04424157303370786
2 0.6344449626865671 0.11587078651685394 0.026352611940298507 0.04915730337078652
2 0.6921641791044776 0.050912921348314606 0.03031716417910448 0.059691011235955056
2 0.7318097014925373 0.10972612359550561 0.03451492537313433 0.0488061797752809
1 0.41942630597014924 0.2640449438202247 0.038479477611940295 0.08848314606741572
1 0.17805503731343283 0.2966994382022472 0.02028917910447761 0.04424157303370786
1 0.1328125 0.33268960674157305 0.01935634328358209 0.03967696629213483
1 0.2905783582089552 0.2793188202247191 0.03264925373134328 0.03686797752808989
1 0.28194962686567165 0.2226123595505618 0.029384328358208957 0.061095505617977525
1 0.5790578358208955 0.28616573033707865 0.033582089552238806 0.059691011235955056
1 0.5253031716417911 0.296875 0.05573694029850746 0.0684691011235955
1 0.8260261194029851 0.589185393258427 0.04664179104477612 0.08848314606741572
1 0.10844216417910447 0.5609199438202247 0.07602611940298508 0.0839185393258427