0 0.1999766791044776 0.42450842696629215 0.1261660447761194 0.1896067415730337
1 0.20988805970149255 0.24912219101123595 0.049440298507462684 0.08813202247191011
1 0.25652985074626866 0.09129213483146068 0.08255597014925373 0.12429775280898876
1 0.23682369402985073 0.11587078651685394 0.11870335820895522 0.0702247191011236
1 0.32544309701492535 0.331811797752809 0.11543843283582089 0.07654494382022473
1 0.16861007462686567 0.18486657303370788 0.03311567164179104 0.11762640449438203
1 0.589785447761194 0.6144662921348315 0.04057835820895522 0.05898876404494382
1 0.3892257462686567 0.6190308988764045 0.06296641791044776 0.04985955056179775
1 0.11672108208955224 0.3634129213483146 0.03754664179104478 0.08146067415730338
1 0.40263526119402987 0.733497191011236 0.07625932835820895 0.10252808988764045
1 0.39762126865671643 0.647998595505618 0.06389925373134328 0.09304775280898876
1 0.3337220149253731 0.5709269662921348 0.05363805970149254 0.061095505617977525
1 0.28253264925373134 0.29371488764044945 0.05480410447761194 0.08110955056179775
2 0.5289179104477612 0.8154845505617978 0.06296641791044776 0.06776685393258428
2 0.3344216417910448 0.044768258426966294 0.07369402985074627 0.07689606741573034
2 0.39750466417910446 0.6655547752808989 0.03754664179104478 0.0488061797752809