0 0.7923274253731343 0.5725070224719101 0.10657649253731344 0.16046348314606743
1 0.29244402985074625 0.49912219101123595 0.052705223880597014 0.06776685393258428
1 0.290928171641791 0.3962429775280899 0.05853544776119403 0.09726123595505617
1 0.31121735074626866 0.33865870786516855 0.03614738805970149 0.0860252808988764
1 0.36298973880597013 0.5918188202247191 0.12756529850746268 0.09515449438202248
1 0.4605876865671642 0.5767205056179775 0.1394589552238806 0.08813202247191011
1 0.44263059701492535 0.523876404494382 0.04664179104477612 0.17626404494382023
1 0.39750466417910446 0.41537921348314605 0.07346082089552239 0.09058988764044944
1 0.4681669776119403 0.3476123595505618 0.10657649253731344 0.09058988764044944
1 0.2760027985074627 0.6471207865168539 0.08558768656716417 0.07443820224719101
1 0.26923973880597013 0.7694873595505618 0.050606343283582086 0.0488061797752809
1 0.3747667910447761 0.3167134831460674 0.06902985074626866 0.10252808988764045
1 0.4944029850746269 0.5456460674157303 0.04664179104477612 0.06882022471910113