0 0.6723414179104478 0.5363412921348315 0.13059701492537312 0.22366573033707865
1 0.46956623134328357 0.5014044943820225 0.06459888059701492 0.0723314606741573
1 0.443330223880597 0.5466994382022472 0.060167910447761194 0.03160112359550562
1 0.4621035447761194 0.523876404494382 0.10377798507462686 0.12219101123595505
1 0.40356809701492535 0.366748595505618 0.07066231343283583 0.09726123595505617
1 0.4117304104477612 0.26860955056179775 0.07206156716417911 0.0723314606741573
1 0.31121735074626866 0.21875 0.05107276119402985 0.0723314606741573
1 0.7271455223880597 0.754564606741573 0.03311567164179104 0.1580056179775281
1 0.5522388059701493 0.49912219101123595 0.05550373134328358 0.027036516853932584
1 0.3900419776119403 0.3769311797752809 0.09165111940298508 0.06776685393258428
1 0.5263526119402985 0.45804073033707865 0.0457089552238806 0.05793539325842697
1 0.5658815298507462 0.38992275280898875 0.03334888059701493 0.04108146067415731
1 0.33722014925373134 0.30372191011235955 0.08115671641791045 0.125
2 0.22038246268656717 0.5986657303370787 0.04664179104477612 0.09058988764044944
2 0.2621268656716418 0.2945926966292135 0.03451492537313433 0.061095505617977525
2 0.2453358208955224 0.3686797752808989 0.02332089552238806 0.04424157303370786
2 0.4097481343283582 0.7533356741573034 0.033582089552238806 0.047401685393258425
2 0.4644356343283582 0.12798455056179775 0.02728544776119403 0.03967696629213483