0 0.6842350746268657 0.49912219101123595 0.11567164179104478 0.2033005617977528
1 0.19927705223880596 0.277563202247191 0.04967350746268657 0.09515449438202248
1 0.19554570895522388 0.49473314606741575 0.11403917910447761 0.15379213483146068
1 0.23006063432835822 0.49683988764044945 0.04500932835820896 0.16292134831460675
1 0.28859608208955223 0.7173455056179775 0.06599813432835822 0.09269662921348315
1 0.12803171641791045 0.6732794943820225 0.060167910447761194 0.0586376404494382
1 0.19566231343283583 0.6267556179775281 0.1021455223880597 0.10182584269662921
1 0.193330223880597 0.5895365168539326 0.10960820895522388 0.17626404494382023
1 0.3579757462686567 0.46014747191011235 0.06996268656716417 0.05021067415730337
1 0.3905083955223881 0.3999297752808989 0.03148320895522388 0.0702247191011236
1 0.3443330223880597 0.35639044943820225 0.04874067164179104 0.04143258426966292
1 0.23577425373134328 0.8878160112359551 0.05083955223880597 0.09023876404494383
1 0.6044776119402985 0.05021067415730337 0.05363805970149254 0.07654494382022473
2 0.15356809701492538 0.764747191011236 0.07206156716417911 0.05196629213483146
2 0.1603311567164179 0.7807233146067416 0.04967350746268657 0.08813202247191011
2 0.640741604477612 0.047050561797752806 0.04361007462686567 0.04985955056179775
2 0.3362873134328358 0.6067415730337079 0.04057835820895522 0.04424157303370786
2 0.4291044776119403 0.4747191011235955 0.06389925373134328 0.05828651685393258
2 0.4152285447761194 0.45189606741573035 0.038479477611940295 0.10393258426966293
2 0.1845848880597015 0.3862359550561798 0.035680970149253734 0.05196629213483146
2 0.12220149253731344 0.49087078651685395 0.03264925373134328 0.08707865168539326