0 0.2593283582089552 0.44610252808988765 0.10960820895522388 0.19206460674157302
2 0.6745569029850746 0.4357443820224719 0.10517723880597014 0.1853932584269663
2 0.7121035447761194 0.444873595505618 0.1201026119402985 0.10393258426966293
2 0.6385261194029851 0.5681179775280899 0.060167910447761194 0.1875
2 0.7300606343283582 0.6165730337078652 0.04500932835820896 0.13553370786516855
2 0.8171641791044776 0.430126404494382 0.03917910447761194 0.06530898876404495
2 0.6640625 0.33514747191011235 0.08092350746268656 0.15133426966292135
2 0.2638759328358209 0.06952247191011236 0.07066231343283583 0.08146067415730338
2 0.5289179104477612 0.5998946629213483 0.03264925373134328 0.033356741573033706
2 0.5847714552238806 0.567064606741573 0.026352611940298507 0.04424157303370786
2 0.6202192164179104 0.20540730337078653 0.04874067164179104 0.07162921348314606
2 0.488339552238806 0.7243679775280899 0.03451492537313433 0.047050561797752806