0 0.20382462686567165 0.4222261235955056 0.12453358208955224 0.2033005617977528
1 0.48682369402985076 0.823560393258427 0.10517723880597014 0.06987359550561797
1 0.37803171641791045 0.5688202247191011 0.04664179104477612 0.05898876404494382
1 0.4201259328358209 0.5251053370786517 0.05853544776119403 0.06987359550561797
1 0.48484141791044777 0.882373595505618 0.039645522388059705 0.054775280898876406
1 0.7215485074626866 0.8716643258426966 0.05690298507462686 0.06425561797752809
1 0.5065298507462687 0.2814255617977528 0.04057835820895522 0.047401685393258425
1 0.5258861940298507 0.18521769662921347 0.042444029850746266 0.1267556179775281
1 0.4259561567164179 0.16924157303370788 0.09211753731343283 0.11306179775280899
2 0.447178171641791 0.05916432584269663 0.08558768656716417 0.07900280898876405
2 0.29990671641791045 0.1697682584269663 0.05550373134328358 0.08813202247191011
2 0.5649486940298507 0.695751404494382 0.07206156716417911 0.09936797752808989
2 0.39972014925373134 0.331811797752809 0.04197761194029851 0.04073033707865169
2 0.2931436567164179 0.6044592696629213 0.04151119402985075 0.06706460674157304
2 0.35237873134328357 0.679248595505618 0.052705223880597014 0.07338483146067416