0 0.1865671641791045 0.5688202247191011 0.12313432835820895 0.20786516853932585
1 0.5304337686567164 0.3883426966292135 0.17700559701492538 0.19452247191011235
1 0.5845382462686567 0.42889747191011235 0.06599813432835822 0.25316011235955055
1 0.6806203358208955 0.5839185393258427 0.06599813432835822 0.09269662921348315
1 0.793143656716418 0.7194522471910112 0.0480410447761194 0.0702247191011236
1 0.7368236940298507 0.4878862359550562 0.05247201492537314 0.1309691011235955
1 0.679804104477612 0.45382724719101125 0.11240671641791045 0.06776685393258428
1 0.6227845149253731 0.36797752808988765 0.19659514925373134 0.08567415730337079
1 0.5153917910447762 0.38939606741573035 0.05083955223880597 0.1875
1 0.4664179104477612 0.5410814606741573 0.017257462686567165 0.08075842696629214
1 0.7245802238805971 0.7884480337078652 0.06296641791044776 0.08110955056179775
1 0.7763526119402985 0.7793188202247191 0.04664179104477612 0.05933988764044944
1 0.7165345149253731 0.6495786516853933 0.10331156716417911 0.037921348314606744