0 0.706856343283582 0.5997191011235955 0.11567164179104478 0.19662921348314608
1 0.504081156716418 0.5498595505617978 0.04967350746268657 0.09269662921348315
1 0.3839785447761194 0.5862008426966292 0.05247201492537314 0.14220505617977527
1 0.31343283582089554 0.5681179775280899 0.052705223880597014 0.15589887640449437
1 0.48274253731343286 0.44417134831460675 0.11847014925373134 0.13132022471910113
1 0.1531016791044776 0.28370786516853935 0.05387126865671642 0.061095505617977525
1 0.11205690298507463 0.3534058988764045 0.026352611940298507 0.03195224719101124
1 0.3772154850746269 0.6817064606741573 0.03754664179104478 0.03827247191011236
1 0.30981809701492535 0.707689606741573 0.034281716417910446 0.056530898876404494
1 0.24440298507462688 0.7450842696629213 0.033582089552238806 0.042837078651685394
2 0.5072294776119403 0.8495435393258427 0.23274253731343283 0.18082865168539325
2 0.5160914179104478 0.902563202247191 0.10354477611940298 0.06566011235955056
2 0.19402985074626866 0.5872542134831461 0.08115671641791045 0.0860252808988764
2 0.24055503731343283 0.6529143258426966 0.03894589552238806 0.09023876404494383
2 0.3119169776119403 0.7998595505617978 0.10051305970149253 0.12640449438202248
2 0.20767257462686567 0.47752808988764045 0.04500932835820896 0.05196629213483146
2 0.2638759328358209 0.39396067415730335 0.10051305970149253 0.09269662921348315
2 0.3104011194029851 0.24578651685393257 0.09468283582089553 0.11306179775280899
2 0.35622667910447764 0.2245435393258427 0.14109141791044777 0.07900280898876405
2 0.4275886194029851 0.22331460674157302 0.09444962686567164 0.08567415730337079
2 0.6977611940298507 0.2324438202247191 0.04664179104477612 0.09058988764044944
2 0.621152052238806 0.4008075842696629 0.03148320895522388 0.056530898876404494
2 0.6129897388059702 0.5737359550561798 0.032882462686567165 0.04985955056179775
2 0.4372667910447761 0.636938202247191 0.03591417910447761 0.04073033707865169
2 0.18248600746268656 0.4281952247191011 0.03148320895522388 0.047401685393258425
2 0.0908348880597015 0.554248595505618 0.04267723880597015 0.08251404494382023