0 0.34876399253731344 0.4097612359550562 0.1322294776119403 0.22401685393258428
2 0.3494636194029851 0.08444522471910113 0.03474813432835821 0.056530898876404494
2 0.4771455223880597 0.2910814606741573 0.02845149253731343 0.03160112359550562
2 0.6099580223880597 0.42679073033707865 0.02681902985074627 0.03616573033707865
2 0.6408582089552238 0.47331460674157305 0.08255597014925373 0.13342696629213482
2 0.7195662313432836 0.47191011235955055 0.05713619402985075 0.09480337078651685
2 0.7728544776119403 0.5043890449438202 0.05550373134328358 0.07478932584269662
2 0.7760027985074627 0.5714536516853933 0.03754664179104478 0.07268258426966293
2 0.7173507462686567 0.5688202247191011 0.06763059701492537 0.04985955056179775
2 0.5731110074626866 0.5862008426966292 0.05853544776119403 0.07900280898876405
2 0.820195895522388 0.5387991573033708 0.03591417910447761 0.056530898876404494
2 0.8217117537313433 0.46172752808988765 0.03894589552238806 0.061095505617977525
2 0.6437733208955224 0.20172050561797752 0.03474813432835821 0.047401685393258425
2 0.49580223880597013 0.48893960674157305 0.03311567164179104 0.047401685393258425
2 0.4605876865671642 0.5839185393258427 0.03731343283582089 0.047752808988764044
2 0.5123600746268657 0.5895365168539326 0.029850746268656716 0.04985955056179775