0 0.2421875 0.5138693820224719 0.1201026119402985 0.21032303370786518
1 0.4935867537313433 0.5474016853932584 0.07672574626865672 0.12008426966292135
1 0.625 0.7398174157303371 0.12313432835820895 0.27808988764044945
1 0.6077425373134329 0.8200491573033708 0.10074626865671642 0.14922752808988765
1 0.6232509328358209 0.6901334269662921 0.11730410447761194 0.16959269662921347
1 0.4553404850746269 0.8855337078651685 0.05713619402985075 0.0723314606741573
1 0.5395289179104478 0.7082162921348315 0.05387126865671642 0.12219101123595505
1 0.5127098880597015 0.53125 0.11357276119402986 0.08567415730337079
1 0.6155550373134329 0.7234901685393258 0.09631529850746269 0.34515449438202245
2 0.7593283582089553 0.296875 0.049440298507462684 0.06566011235955056
2 0.5649486940298507 0.29002808988764045 0.04500932835820896 0.06530898876404495
2 0.4935867537313433 0.42907303370786515 0.03754664179104478 0.0449438202247191
2 0.36217350746268656 0.5180828651685393 0.0480410447761194 0.056530898876404494