0 0.7165345149253731 0.5070224719101124 0.1261660447761194 0.18328651685393257
1 0.22702891791044777 0.6292134831460674 0.078125 0.08356741573033707
1 0.2630597014925373 0.4018609550561798 0.0480410447761194 0.09023876404494383
1 0.3900419776119403 0.4573384831460674 0.09165111940298508 0.2011938202247191
1 0.3825792910447761 0.5758426966292135 0.07952425373134328 0.1853932584269663
1 0.4846082089552239 0.543188202247191 0.05550373134328358 0.15168539325842698
1 0.39354011194029853 0.4945575842696629 0.09631529850746269 0.12183988764044944
1 0.36229011194029853 0.38149578651685395 0.1261660447761194 0.09515449438202248
1 0.23833955223880596 0.8393609550561798 0.049440298507462684 0.09726123595505617
1 0.4125466417910448 0.7907303370786517 0.0914179104477612 0.08567415730337079
1 0.31693097014925375 0.49157303370786515 0.052705223880597014 0.125