0 0.22632929104477612 0.49122191011235955 0.12150186567164178 0.20997191011235955
2 0.34421641791044777 0.46400983146067415 0.06902985074626866 0.10639044943820225
2 0.30223880597014924 0.8337429775280899 0.06296641791044776 0.07689606741573034
2 0.22936100746268656 0.764747191011236 0.05573694029850746 0.07443820224719101
2 0.4942863805970149 0.24262640449438203 0.1261660447761194 0.05196629213483146
2 0.5994636194029851 0.35849719101123595 0.04221082089552239 0.0723314606741573
2 0.30970149253731344 0.16906601123595505 0.06623134328358209 0.09936797752808989
2 0.43423507462686567 0.7817766853932584 0.04197761194029851 0.04529494382022472
2 0.562616604477612 0.952247191011236 0.10657649253731344 0.061095505617977525
2 0.37826492537313433 0.7350772471910112 0.025186567164179104 0.05933988764044944
1 0.38794309701492535 0.08233848314606741 0.04874067164179104 0.06425561797752809
1 0.5015158582089553 0.06320224719101124 0.05293843283582089 0.07514044943820225
1 0.6374766791044776 0.08146067415730338 0.05480410447761194 0.07162921348314606
1 0.4299207089552239 0.39378511235955055 0.05573694029850746 0.055126404494382025
1 0.1826026119402985 0.27089185393258425 0.04757462686567164 0.09304775280898876
1 0.3382695895522388 0.7236657303370787 0.050606343283582086 0.06390449438202248