0 0.2196828358208955 0.44259129213483145 0.11707089552238806 0.21242977528089887
2 0.6647621268656716 0.4178370786516854 0.05853544776119403 0.11306179775280899
2 0.5746268656716418 0.43697331460674155 0.08861940298507463 0.11551966292134831
2 0.4409981343283582 0.6722261235955056 0.04664179104477612 0.1288623595505618
2 0.6038945895522388 0.7250702247191011 0.05387126865671642 0.12219101123595505
2 0.6623134328358209 0.7048806179775281 0.07509328358208955 0.09936797752808989
2 0.7158348880597015 0.7726474719101124 0.08278917910447761 0.09936797752808989
2 0.5461753731343284 0.9590941011235955 0.052705223880597014 0.07900280898876405
2 0.4673507462686567 0.035639044943820225 0.08395522388059702 0.07689606741573034
2 0.788945895522388 0.3999297752808989 0.07602611940298508 0.11306179775280899
1 0.4380830223880597 0.42521067415730335 0.03334888059701493 0.0351123595505618
1 0.35436100746268656 0.44417134831460675 0.0324160447761194 0.04002808988764045
1 0.5395289179104478 0.3472612359550562 0.059934701492537316 0.07794943820224719