0 0.7548973880597015 0.4606741573033708 0.10960820895522388 0.1720505617977528
1 0.5761427238805971 0.29985955056179775 0.05247201492537314 0.06320224719101124
1 0.35447761194029853 0.10007022471910113 0.04197761194029851 0.07443820224719101
1 0.5213386194029851 0.8821980337078652 0.03614738805970149 0.03827247191011236
1 0.5499067164179104 0.5194873595505618 0.04197761194029851 0.05442415730337079
1 0.6099580223880597 0.45049157303370785 0.03894589552238806 0.15589887640449437
1 0.6280317164179104 0.49683988764044945 0.07509328358208955 0.05898876404494382
1 0.3104011194029851 0.8807935393258427 0.039645522388059705 0.0488061797752809
1 0.39762126865671643 0.8908005617977528 0.03544776119402985 0.04424157303370786
2 0.404267723880597 0.7930126404494382 0.04221082089552239 0.04529494382022472
2 0.5183069029850746 0.7591292134831461 0.07206156716417911 0.06320224719101124
2 0.5341651119402985 0.8223314606741573 0.05573694029850746 0.05898876404494382
2 0.11450559701492537 0.4901685393258427 0.08115671641791045 0.12219101123595505
2 0.675956156716418 0.5816362359550562 0.05107276119402985 0.07478932584269662
2 0.3982042910447761 0.9580407303370787 0.030083955223880597 0.04529494382022472
2 0.443330223880597 0.06021769662921348 0.08722014925373134 0.06776685393258428
2 0.4688666044776119 0.0625 0.03614738805970149 0.08146067415730338
2 0.40718283582089554 0.8488412921348315 0.05690298507462686 0.03967696629213483