0 0.22259794776119404 0.4764747191011236 0.14715485074626866 0.20786516853932585
1 0.1038945895522388 0.41889044943820225 0.04500932835820896 0.18328651685393257
1 0.5167910447761194 0.5962078651685393 0.0480410447761194 0.2893258426966292
1 0.5859375 0.7636938202247191 0.04500932835820896 0.12640449438202248
1 0.6070429104477612 0.6720505617977528 0.06296641791044776 0.15589887640449437
1 0.5160914179104478 0.5963834269662921 0.049440298507462684 0.09515449438202248
1 0.6171875 0.32742275280898875 0.15368470149253732 0.1408005617977528
1 0.6998600746268657 0.41327247191011235 0.09421641791044776 0.14747191011235955
1 0.4753964552238806 0.2851123595505618 0.09165111940298508 0.09199438202247191
1 0.5445429104477612 0.29389044943820225 0.10261194029850747 0.10955056179775281
1 0.6479710820895522 0.20259831460674158 0.07392723880597014 0.0702247191011236
1 0.5283348880597015 0.1483497191011236 0.07019589552238806 0.06495786516853932
1 0.5504897388059702 0.23103932584269662 0.029617537313432835 0.20856741573033707
1 0.613456156716418 0.23314606741573032 0.14295708955223882 0.0800561797752809
1 0.22353078358208955 0.26439606741573035 0.05573694029850746 0.12851123595505617
1 0.4496268656716418 0.09936797752808989 0.0960820895522388 0.11235955056179775
1 0.6258162313432836 0.15554775280898878 0.029617537313432835 0.1271067415730337
1 0.26690764925373134 0.14554073033707865 0.053404850746268655 0.09164325842696629
1 0.32077891791044777 0.07917837078651685 0.03055037313432836 0.13237359550561797
1 0.28976212686567165 0.03546348314606742 0.09444962686567164 0.042837078651685394
1 0.36217350746268656 0.03247893258426966 0.23507462686567165 0.055828651685393256
1 0.33488805970149255 0.05143960674157303 0.05643656716417911 0.09023876404494383
1 0.6633628731343284 0.7412219101123596 0.025419776119402986 0.0625
1 0.5263526119402985 0.4847261235955056 0.06576492537313433 0.06566011235955056
1 0.5953824626865671 0.414501404494382 0.07602611940298508 0.03827247191011236
1 0.5917677238805971 0.5847963483146067 0.034281716417910446 0.10077247191011236
1 0.4447294776119403 0.2189255617977528 0.05457089552238806 0.05933988764044944
1 0.41884328358208955 0.27229634831460675 0.03544776119402985 0.03827247191011236
1 0.4979011194029851 0.08374297752808989 0.13899253731343283 0.07338483146067416