0 0.1490205223880597 0.34427668539325845 0.09001865671641791 0.19698033707865167
1 0.25944496268656714 0.5416081460674157 0.03754664179104478 0.06776685393258428
1 0.23169309701492538 0.4120435393258427 0.04500932835820896 0.1738061797752809
1 0.32917444029850745 0.27422752808988765 0.15928171641791045 0.10182584269662921
1 0.4605876865671642 0.6097261235955056 0.058768656716417914 0.10849719101123595
1 0.48752332089552236 0.7025983146067416 0.03148320895522388 0.06811797752808989
1 0.5791744402985075 0.710498595505618 0.03754664179104478 0.08813202247191011
1 0.5920009328358209 0.5872542134831461 0.06599813432835822 0.1583567415730337
1 0.6167210820895522 0.5760182584269663 0.12150186567164178 0.0586376404494382
1 0.6858675373134329 0.49122191011235955 0.09468283582089553 0.06530898876404495
1 0.7000932835820896 0.30354634831460675 0.06296641791044776 0.08813202247191011
1 0.7481343283582089 0.4020365168539326 0.029850746268656716 0.10393258426966293
1 0.7458022388059702 0.19627808988764045 0.08861940298507463 0.09480337078651685
1 0.5927005597014925 0.22559691011235955 0.05573694029850746 0.06776685393258428
1 0.38409514925373134 0.06952247191011236 0.08861940298507463 0.0723314606741573
1 0.3472481343283582 0.10691713483146068 0.05690298507462686 0.15133426966292135
1 0.4688666044776119 0.22103230337078653 0.059934701492537316 0.09515449438202248
1 0.46805037313432835 0.13412921348314608 0.04664179104477612 0.09269662921348315
1 0.47551305970149255 0.0819873595505618 0.08861940298507463 0.1014747191011236
1 0.39354011194029853 0.7320926966292135 0.04500932835820896 0.06320224719101124
1 0.3359375 0.65625 0.028684701492537313 0.06530898876404495
1 0.37220149253731344 0.5326544943820225 0.033582089552238806 0.10393258426966293
1 0.30165578358208955 0.5777738764044944 0.060867537313432835 0.06566011235955056
1 0.652168843283582 0.530372191011236 0.05387126865671642 0.1541432584269663
1 0.7353078358208955 0.5380969101123596 0.04757462686567164 0.05933988764044944
1 0.5223880597014925 0.7129564606741573 0.03544776119402985 0.09445224719101124
2 0.5123600746268657 0.17924859550561797 0.0480410447761194 0.06987359550561797
2 0.5913013059701493 0.12728230337078653 0.06459888059701492 0.07478932584269662
2 0.6392257462686567 0.20189606741573032 0.04057835820895522 0.042837078651685394
2 0.6686100746268657 0.39747191011235955 0.12919776119402984 0.11306179775280899
2 0.5761427238805971 0.8054775280898876 0.07066231343283583 0.06530898876404495