0 0.7653917910447762 0.44820926966292135 0.12173507462686567 0.18293539325842698
1 0.5401119402985075 0.42907303370786515 0.04664179104477612 0.1446629213483146
1 0.4516091417910448 0.34094101123595505 0.028684701492537313 0.11306179775280899
1 0.4027518656716418 0.351123595505618 0.018190298507462687 0.09269662921348315
1 0.3058535447761194 0.4222261235955056 0.11263992537313433 0.10849719101123595
1 0.23833955223880596 0.5475772471910112 0.04337686567164179 0.09726123595505617
1 0.23985541044776118 0.6880266853932584 0.04361007462686567 0.16959269662921347
1 0.45382462686567165 0.789501404494382 0.09001865671641791 0.06566011235955056
1 0.4568563432835821 0.773876404494382 0.03591417910447761 0.10182584269662921
1 0.28568097014925375 0.8110955056179775 0.06902985074626866 0.06320224719101124
1 0.380946828358209 0.8607794943820225 0.08558768656716417 0.05442415730337079
1 0.5160914179104478 0.6574789325842697 0.04057835820895522 0.06776685393258428
1 0.3929570895522388 0.3890449438202247 0.12360074626865672 0.13132022471910113
1 0.462919776119403 0.32882724719101125 0.09934701492537314 0.11762640449438203
1 0.25513059701492535 0.46032303370786515 0.06902985074626866 0.10533707865168539
1 0.2372901119402985 0.6274578651685393 0.041744402985074626 0.17415730337078653