0 0.6640625 0.48893960674157305 0.12896455223880596 0.19206460674157302
1 0.3337220149253731 0.5093047752808989 0.07789179104477612 0.09726123595505617
1 0.26923973880597013 0.4357443820224719 0.04500932835820896 0.09480337078651685
1 0.24207089552238806 0.35445926966292135 0.060167910447761194 0.06776685393258428
1 0.29757462686567165 0.26860955056179775 0.07509328358208955 0.0723314606741573
1 0.3599580223880597 0.3182935393258427 0.04967350746268657 0.14009831460674158
1 0.4079990671641791 0.22893258426966293 0.07346082089552239 0.05196629213483146
1 0.3246268656716418 0.27984550561797755 0.11707089552238806 0.06811797752808989
1 0.394589552238806 0.44592696629213485 0.04057835820895522 0.09269662921348315
1 0.4140625 0.3340941011235955 0.15181902985074627 0.0860252808988764
1 0.25909514925373134 0.31127106741573035 0.03451492537313433 0.0761938202247191
1 0.32451026119402987 0.5953300561797753 0.03334888059701493 0.033356741573033706
1 0.4842583955223881 0.6450140449438202 0.038479477611940295 0.04143258426966292
1 0.8210121268656716 0.4510182584269663 0.04874067164179104 0.06566011235955056
2 0.6440065298507462 0.17538623595505617 0.01935634328358209 0.033356741573033706
2 0.683652052238806 0.2364817415730337 0.03754664179104478 0.08251404494382023
2 0.5461753731343284 0.4626053370786517 0.02845149253731343 0.03967696629213483
2 0.5532882462686567 0.5456460674157303 0.04267723880597015 0.05337078651685393