0 0.24965018656716417 0.449438202247191 0.12896455223880596 0.20365168539325842
1 0.42898787313432835 0.37254213483146065 0.03148320895522388 0.09058988764044944
1 0.5003498134328358 0.43697331460674155 0.09305037313432836 0.11551966292134831
1 0.5131763059701493 0.40519662921348315 0.05853544776119403 0.16502808988764045
1 0.550722947761194 0.35445926966292135 0.05247201492537314 0.1267556179775281
1 0.6768889925373134 0.4334620786516854 0.11263992537313433 0.06776685393258428
1 0.6121735074626866 0.33286516853932585 0.05550373134328358 0.1151685393258427
1 0.6775886194029851 0.4143258426966292 0.059934701492537316 0.10182584269662921
1 0.7404384328358209 0.366748595505618 0.06902985074626866 0.06566011235955056
1 0.5222714552238806 0.3204002808988764 0.06599813432835822 0.055126404494382025
1 0.621152052238806 0.22805477528089887 0.05480410447761194 0.09936797752808989
1 0.628847947761194 0.25474016853932585 0.06786380597014925 0.055126404494382025
1 0.5020988805970149 0.5305477528089888 0.05177238805970149 0.06882022471910113
1 0.46047108208955223 0.4533005617977528 0.047807835820895525 0.07303370786516854
1 0.6237173507462687 0.6464185393258427 0.02728544776119403 0.05056179775280899
2 0.3765158582089552 0.5895365168539326 0.040345149253731345 0.05898876404494382
2 0.40345149253731344 0.65625 0.04057835820895522 0.0702247191011236
2 0.6121735074626866 0.11815308988764045 0.12453358208955224 0.0839185393258427
2 0.6782882462686567 0.813377808988764 0.040345149253731345 0.04529494382022472
2 0.7158348880597015 0.8969452247191011 0.040345149253731345 0.06776685393258428