0 0.7271455223880597 0.5122893258426966 0.13805970149253732 0.22612359550561797
1 0.3592583955223881 0.5609199438202247 0.04221082089552239 0.06074438202247191
1 0.3396688432835821 0.7635182584269663 0.078125 0.1309691011235955
1 0.25711287313432835 0.7240168539325843 0.09025186567164178 0.08356741573033707
1 0.2579291044776119 0.6546699438202247 0.08861940298507463 0.22155898876404495
1 0.24207089552238806 0.3871137640449438 0.060167910447761194 0.1288623595505618
1 0.29395988805970147 0.3611306179775281 0.04640858208955224 0.1716994382022472
1 0.39528917910447764 0.1757373595505618 0.0480410447761194 0.0586376404494382
1 0.40135261194029853 0.2989817415730337 0.1021455223880597 0.10639044943820225
1 0.48169309701492535 0.3748244382022472 0.10657649253731344 0.23490168539325842
1 0.527402052238806 0.5352879213483146 0.1681436567164179 0.05442415730337079
1 0.601679104477612 0.4492626404494382 0.07369402985074627 0.11762640449438203
1 0.6738572761194029 0.9106390449438202 0.10657649253731344 0.0586376404494382
1 0.27588619402985076 0.47928370786516855 0.033582089552238806 0.05828651685393258
1 0.35447761194029853 0.31583567415730335 0.036380597014925374 0.055126404494382025
1 0.2814832089552239 0.8442766853932584 0.04057835820895522 0.11271067415730338
1 0.21140391791044777 0.7686095505617978 0.04267723880597015 0.06882022471910113
1 0.6241837686567164 0.8962429775280899 0.08325559701492537 0.08251404494382023
1 0.6461054104477612 0.8189957865168539 0.03754664179104478 0.06566011235955056
1 0.470615671641791 0.09989466292134831 0.039645522388059705 0.1267556179775281
1 0.3752332089552239 0.039501404494382025 0.04151119402985075 0.055126404494382025