0 0.6805037313432836 0.5103581460674157 0.11707089552238806 0.2033005617977528
1 0.7887126865671642 0.5902387640449438 0.03591417910447761 0.061095505617977525
1 0.550722947761194 0.6246488764044944 0.04361007462686567 0.0702247191011236
1 0.36298973880597013 0.6699438202247191 0.04361007462686567 0.061095505617977525
1 0.23227611940298507 0.6053370786516854 0.05550373134328358 0.08146067415730338
1 0.2811333955223881 0.4527738764044944 0.04221082089552239 0.11973314606741572
1 0.20825559701492538 0.4415379213483146 0.06763059701492537 0.047401685393258425
1 0.22936100746268656 0.5043890449438202 0.07066231343283583 0.06987359550561797
1 0.16336287313432835 0.3613061797752809 0.05853544776119403 0.12219101123595505
1 0.29395988805970147 0.366748595505618 0.06459888059701492 0.16046348314606743
1 0.33290578358208955 0.20066713483146068 0.04361007462686567 0.16257022471910113
1 0.37803171641791045 0.24262640449438203 0.049440298507462684 0.09269662921348315
1 0.4935867537313433 0.34884129213483145 0.0673973880597015 0.09726123595505617
1 0.38934235074626866 0.4764747191011236 0.030083955223880597 0.027387640449438203
1 0.36229011194029853 0.05600421348314607 0.03894589552238806 0.05442415730337079
1 0.3480643656716418 0.36235955056179775 0.03754664179104478 0.061095505617977525
1 0.4103311567164179 0.3419943820224719 0.0240205223880597 0.061095505617977525
1 0.4808768656716418 0.13746488764044945 0.06623134328358209 0.04950842696629214
1 0.6363106343283582 0.24701544943820225 0.03754664179104478 0.06987359550561797
1 0.6099580223880597 0.3748244382022472 0.032882462686567165 0.05442415730337079
1 0.19006529850746268 0.20593398876404495 0.09328358208955224 0.13448033707865167
1 0.30888526119402987 0.17924859550561797 0.07905783582089553 0.07759831460674158
1 0.28194962686567165 0.7061095505617978 0.07182835820895522 0.05056179775280899
1 0.38642723880597013 0.2205056179775281 0.13292910447761194 0.1327247191011236
1 0.4138292910447761 0.3922050561797753 0.09631529850746269 0.14676966292134833
1 0.5207555970149254 0.3807935393258427 0.11753731343283583 0.1267556179775281
1 0.5511893656716418 0.14343398876404495 0.060867537313432835 0.08532303370786516
1 0.48530783582089554 0.06390449438202248 0.07695895522388059 0.06741573033707865
1 0.20638992537313433 0.47928370786516855 0.06296641791044776 0.12219101123595505
2 0.14797108208955223 0.598314606741573 0.078125 0.1678370786516854
2 0.19881063432835822 0.7106741573033708 0.06599813432835822 0.11165730337078651
2 0.35447761194029853 0.7679073033707865 0.1865671641791045 0.0702247191011236
2 0.4441464552238806 0.7327949438202247 0.09025186567164178 0.07654494382022473
2 0.4842583955223881 0.6144662921348315 0.050606343283582086 0.0625
2 0.44834421641791045 0.5014044943820225 0.04967350746268657 0.08075842696629214
2 0.4923041044776119 0.44645365168539325 0.058768656716417914 0.05021067415730337
2 0.5649486940298507 0.4548806179775281 0.07206156716417911 0.045997191011235956
2 0.5324160447761194 0.2945926966292135 0.05177238805970149 0.042837078651685394
2 0.6079757462686567 0.3089887640449438 0.05083955223880597 0.0898876404494382
2 0.5222714552238806 0.19978932584269662 0.02728544776119403 0.07654494382022473
2 0.4685167910447761 0.20452949438202248 0.05970149253731343 0.06706460674157304
2 0.40869869402985076 0.14729634831460675 0.07999067164179105 0.09936797752808989
2 0.6729244402985075 0.9029143258426966 0.07905783582089553 0.13588483146067415
2 0.7048740671641791 0.8755266853932584 0.08605410447761194 0.08110955056179775
2 0.6947294776119403 0.8219803370786517 0.05783582089552239 0.11446629213483146
2 0.7636427238805971 0.7847612359550562 0.06180037313432836 0.08567415730337079
2 0.7737873134328358 0.679248595505618 0.06996268656716417 0.10077247191011236
2 0.7611940298507462 0.6892556179775281 0.09328358208955224 0.07794943820224719
2 0.5015158582089553 0.7054073033707865 0.07905783582089553 0.061095505617977525
2 0.5360307835820896 0.6701193820224719 0.04874067164179104 0.055126404494382025
2 0.22912779850746268 0.8465589887640449 0.06599813432835822 0.1544943820224719
2 0.29815764925373134 0.8962429775280899 0.07392723880597014 0.1892556179775281
2 0.36415578358208955 0.9206460674157303 0.05573694029850746 0.1404494382022472
2 0.6565998134328358 0.04564606741573034 0.0324160447761194 0.0702247191011236
2 0.5689132462686567 0.03809691011235955 0.03148320895522388 0.0488061797752809