0 0.2653917910447761 0.5474016853932584 0.10960820895522388 0.19662921348314608
1 0.4884561567164179 0.4764747191011236 0.05107276119402985 0.05898876404494382
1 0.5319496268656716 0.4278441011235955 0.04197761194029851 0.06987359550561797
1 0.39528917910447764 0.39167837078651685 0.03917910447761194 0.056530898876404494
1 0.605527052238806 0.7568469101123596 0.059934701492537316 0.14922752808988765
1 0.2818330223880597 0.8314606741573034 0.04361007462686567 0.0723314606741573
1 0.6918143656716418 0.43240870786516855 0.14575559701492538 0.16959269662921347
1 0.4748134328358209 0.14536516853932585 0.08115671641791045 0.09269662921348315
1 0.5258861940298507 0.2617626404494382 0.0480410447761194 0.12183988764044944
1 0.5957322761194029 0.2594803370786517 0.06459888059701492 0.1446629213483146
1 0.4821595149253731 0.430126404494382 0.05387126865671642 0.15168539325842698
1 0.42350746268656714 0.4938553370786517 0.052705223880597014 0.09936797752808989
1 0.6941464552238806 0.6472963483146067 0.04874067164179104 0.055126404494382025
1 0.6256996268656716 0.6221910112359551 0.029384328358208957 0.07794943820224719
1 0.6353777985074627 0.2731741573033708 0.03661380597014925 0.09480337078651685
1 0.5384794776119403 0.14185393258426968 0.06996268656716417 0.11306179775280899
1 0.26107742537313433 0.14413623595505617 0.0324160447761194 0.056530898876404494
1 0.5866371268656716 0.3967696629213483 0.07299440298507463 0.13132022471910113
1 0.4750466417910448 0.24490870786516855 0.052705223880597014 0.10849719101123595
1 0.6673274253731343 0.3105688202247191 0.09444962686567164 0.07759831460674158
2 0.21443563432835822 0.7587780898876404 0.044542910447761194 0.06390449438202248
2 0.15006996268656717 0.7984550561797753 0.03334888059701493 0.04915730337078652
2 0.36100746268656714 0.09691011235955056 0.05783582089552239 0.09620786516853932
2 0.4036847014925373 0.31741573033707865 0.0457089552238806 0.0702247191011236
2 0.5673973880597015 0.5333567415730337 0.0830223880597015 0.10533707865168539
2 0.4787779850746269 0.6853932584269663 0.05177238805970149 0.06741573033707865
2 0.4162779850746269 0.7052317415730337 0.03031716417910448 0.12535112359550563
2 0.41126399253731344 0.5955056179775281 0.038479477611940295 0.061095505617977525
2 0.34328358208955223 0.7471910112359551 0.04477611940298507 0.05337078651685393
2 0.10342817164179105 0.48929073033707865 0.04967350746268657 0.09304775280898876
2 0.26061100746268656 0.21348314606741572 0.03148320895522388 0.061095505617977525
2 0.6222014925373134 0.9489115168539326 0.03264925373134328 0.047401685393258425
2 0.34130130597014924 0.9503160112359551 0.10564365671641791 0.09304775280898876
2 0.5127098880597015 0.3518258426966292 0.038479477611940295 0.04424157303370786
2 0.6480876865671642 0.42907303370786515 0.03125 0.0702247191011236
2 0.6972947761194029 0.43433988764044945 0.04057835820895522 0.07162921348314606