0 0.25104944029850745 0.4820926966292135 0.11403917910447761 0.1875
1 0.459071828358209 0.484375 0.04361007462686567 0.047401685393258425
1 0.4545242537313433 0.43820224719101125 0.03451492537313433 0.04073033707865169
1 0.447178171641791 0.3690308988764045 0.03754664179104478 0.05196629213483146
1 0.6662779850746269 0.49683988764044945 0.07975746268656717 0.04985955056179775
1 0.5774253731343284 0.35463483146067415 0.037779850746268655 0.09410112359550561
1 0.41569496268656714 0.2735252808988764 0.05713619402985075 0.06530898876404495
1 0.7729710820895522 0.6232443820224719 0.04874067164179104 0.09550561797752809
2 0.7094216417910447 0.5521418539325843 0.049440298507462684 0.06074438202247191
2 0.7463852611940298 0.5177317415730337 0.03194962686567164 0.0839185393258427
2 0.7863805970149254 0.45400280898876405 0.020522388059701493 0.03651685393258427