0 0.6476212686567164 0.5365168539325843 0.14412313432835822 0.19662921348314608
1 0.21956623134328357 0.7443820224719101 0.06599813432835822 0.09691011235955056
1 0.3689365671641791 0.6041081460674157 0.04664179104477612 0.08813202247191011
1 0.3217117537313433 0.4143258426966292 0.032882462686567165 0.042837078651685394
1 0.3599580223880597 0.44820926966292135 0.03754664179104478 0.047401685393258425
1 0.3381529850746269 0.42907303370786515 0.07509328358208955 0.08146067415730338
1 0.4079990671641791 0.4155547752808989 0.09771455223880597 0.0586376404494382
1 0.3044542910447761 0.3261938202247191 0.07066231343283583 0.11095505617977527
1 0.29326026119402987 0.26299157303370785 0.05107276119402985 0.13342696629213482
1 0.3772154850746269 0.21418539325842698 0.05107276119402985 0.09480337078651685
1 0.30177238805970147 0.8397120786516854 0.08115671641791045 0.055126404494382025
1 0.4162779850746269 0.7564957865168539 0.036380597014925374 0.07198033707865169
1 0.2875466417910448 0.5649578651685393 0.04057835820895522 0.0702247191011236
1 0.35237873134328357 0.5725070224719101 0.06296641791044776 0.06425561797752809
1 0.44169776119402987 0.2768609550561798 0.036380597014925374 0.047401685393258425
1 0.37220149253731344 0.4510182584269663 0.033582089552238806 0.09304775280898876
1 0.4123134328358209 0.7075140449438202 0.04057835820895522 0.07162921348314606
1 0.4751632462686567 0.07917837078651685 0.06273320895522388 0.06706460674157304
1 0.4285214552238806 0.20593398876404495 0.05480410447761194 0.06425561797752809
1 0.3519123134328358 0.2090941011235955 0.05363805970149254 0.055126404494382025
2 0.39400652985074625 0.3226825842696629 0.06273320895522388 0.06882022471910113
2 0.23425839552238806 0.3983497191011236 0.03941231343283582 0.06706460674157304