0 0.20534048507462688 0.49912219101123595 0.1396921641791045 0.20821629213483145
1 0.45767257462686567 0.6190308988764045 0.05853544776119403 0.11306179775280899
1 0.4027518656716418 0.5217696629213483 0.05690298507462686 0.0723314606741573
1 0.38782649253731344 0.3883426966292135 0.03311567164179104 0.05407303370786517
1 0.5777751865671642 0.8325140449438202 0.03148320895522388 0.07935393258426966
1 0.6022621268656716 0.6762640449438202 0.02681902985074627 0.09269662921348315
1 0.6160214552238806 0.6889044943820225 0.04500932835820896 0.04985955056179775
1 0.5199393656716418 0.5258075842696629 0.04500932835820896 0.027036516853932584
1 0.5258861940298507 0.43697331460674155 0.04197761194029851 0.06074438202247191
1 0.5064132462686567 0.4336376404494382 0.05107276119402985 0.06320224719101124
1 0.6621968283582089 0.6246488764044944 0.02681902985074627 0.042837078651685394
1 0.5889692164179104 0.4571629213483146 0.02681902985074627 0.05196629213483146
1 0.578125 0.6288623595505618 0.029384328358208957 0.09480337078651685
1 0.47411380597014924 0.7145365168539326 0.03871268656716418 0.07935393258426966
1 0.6465718283582089 0.5465238764044944 0.014225746268656716 0.05793539325842697
2 0.6302472014925373 0.5761938202247191 0.02028917910447761 0.05337078651685393
2 0.6921641791044776 0.37394662921348315 0.036380597014925374 0.04564606741573034
2 0.5766091417910447 0.3219803370786517 0.044542910447761194 0.06390449438202248
2 0.6749067164179104 0.24877106741573032 0.04057835820895522 0.045997191011235956
2 0.7748367537313433 0.40133426966292135 0.03148320895522388 0.042837078651685394
2 0.6440065298507462 0.44259129213483145 0.025419776119402986 0.03967696629213483
2 0.6323460820895522 0.621313202247191 0.03055037313432836 0.042485955056179775
2 0.6450559701492538 0.5984901685393258 0.025186567164179104 0.030547752808988762
2 0.6232509328358209 0.7373595505617978 0.0324160447761194 0.04564606741573034