0 0.12569962686567165 0.46752106741573035 0.10960820895522388 0.20821629213483145
1 0.5627332089552238 0.5410814606741573 0.12453358208955224 0.05196629213483146
1 0.5904850746268657 0.5387991573033708 0.06296641791044776 0.047401685393258425
1 0.5184235074626866 0.4901685393258427 0.03311567164179104 0.1446629213483146
1 0.44484608208955223 0.48332162921348315 0.08092350746268656 0.10849719101123595
1 0.4861240671641791 0.4820926966292135 0.09771455223880597 0.10603932584269662
1 0.45825559701492535 0.3126755617977528 0.06902985074626866 0.06987359550561797
1 0.4177938432835821 0.3477879213483146 0.05387126865671642 0.10849719101123595
1 0.5267024253731343 0.35445926966292135 0.03148320895522388 0.08110955056179775
1 0.5184235074626866 0.8054775280898876 0.03917910447761194 0.07443820224719101
1 0.5328824626865671 0.8016151685393258 0.0648320895522388 0.08848314606741572
1 0.5289179104477612 0.44803370786516855 0.048507462686567165 0.04424157303370786
1 0.41277985074626866 0.6121839887640449 0.06203358208955224 0.06706460674157304
2 0.285214552238806 0.723314606741573 0.04151119402985075 0.05196629213483146
2 0.6101912313432836 0.2966994382022472 0.05293843283582089 0.11446629213483146
2 0.6760727611940298 0.32935393258426965 0.058768656716417914 0.05196629213483146
2 0.6669776119402985 0.26457162921348315 0.042444029850746266 0.04459269662921348
2 0.7039412313432836 0.39747191011235955 0.025419776119402986 0.0351123595505618
2 0.6107742537313433 0.3279494382022472 0.05177238805970149 0.05196629213483146
2 0.5326492537313433 0.2905547752808989 0.029384328358208957 0.04459269662921348
2 0.6359608208955224 0.2638693820224719 0.1044776119402985 0.045997191011235956
2 0.4398320895522388 0.24701544943820225 0.03871268656716418 0.045997191011235956
2 0.6506529850746269 0.7587780898876404 0.052705223880597014 0.042837078651685394