0 0.5958488805970149 0.47910814606741575 0.13805970149253732 0.18995786516853932
2 0.2992070895522388 0.22419241573033707 0.029384328358208957 0.0488061797752809
2 0.261660447761194 0.2700140449438202 0.033582089552238806 0.04564606741573034
2 0.2297108208955224 0.31741573033707865 0.022388059701492536 0.027387640449438203
2 0.20079291044776118 0.42889747191011235 0.029384328358208957 0.07338483146067416
2 0.18563432835820895 0.5442415730337079 0.0457089552238806 0.10533707865168539
2 0.14202425373134328 0.6128862359550562 0.029384328358208957 0.11481741573033707
2 0.2048740671641791 0.27089185393258425 0.035680970149253734 0.0684691011235955
2 0.20580690298507462 0.19592696629213482 0.025419776119402986 0.0351123595505618
2 0.134794776119403 0.44803370786516855 0.02332089552238806 0.04143258426966292
2 0.16534514925373134 0.47542134831460675 0.017257462686567165 0.0351123595505618
2 0.369169776119403 0.7823033707865169 0.04151119402985075 0.06882022471910113
2 0.4468283582089552 0.7234901685393258 0.03451492537313433 0.0488061797752809
2 0.408232276119403 0.26843398876404495 0.060867537313432835 0.08251404494382023
1 0.44216417910447764 0.27615870786516855 0.055970149253731345 0.1618679775280899
1 0.37161847014925375 0.21365870786516855 0.04874067164179104 0.08251404494382023