0 0.7551305970149254 0.49490870786516855 0.1259328358208955 0.19417134831460675
1 0.42898787313432835 0.5180828651685393 0.04361007462686567 0.03827247191011236
1 0.4005363805970149 0.5294943820224719 0.10051305970149253 0.061095505617977525
1 0.5153917910447762 0.3532303370786517 0.06296641791044776 0.05196629213483146
1 0.4507929104477612 0.23472612359550563 0.08115671641791045 0.06776685393258428
1 0.20580690298507462 0.5595154494382022 0.06180037313432836 0.08110955056179775
1 0.22866138059701493 0.49754213483146065 0.03661380597014925 0.061095505617977525
1 0.25501399253731344 0.6702949438202247 0.12383395522388059 0.14957865168539325
1 0.4528917910447761 0.35024578651685395 0.0648320895522388 0.056530898876404494
2 0.10541044776119403 0.6465941011235955 0.029384328358208957 0.04108146067415731
2 0.09071828358208955 0.6288623595505618 0.024253731343283583 0.033707865168539325
2 0.11916977611940298 0.5166783707865169 0.03264925373134328 0.04108146067415731
2 0.2312266791044776 0.18995786516853932 0.021222014925373133 0.032303370786516857
2 0.19519589552238806 0.19452247191011235 0.024253731343283583 0.037921348314606744
2 0.3438666044776119 0.5403792134831461 0.01515858208955224 0.042837078651685394