0 0.6785214552238806 0.4959620786516854 0.1322294776119403 0.21032303370786518
1 0.23694029850746268 0.11938202247191011 0.04057835820895522 0.06320224719101124
1 0.7555970149253731 0.8279494382022472 0.03917910447761194 0.0702247191011236
2 0.2595615671641791 0.9260884831460674 0.0457089552238806 0.06566011235955056
2 0.18959888059701493 0.882373595505618 0.0457089552238806 0.042837078651685394
2 0.34678171641791045 0.8365519662921348 0.05177238805970149 0.06425561797752809
2 0.28393190298507465 0.7450842696629213 0.03148320895522388 0.0702247191011236
2 0.17945429104477612 0.792310393258427 0.03754664179104478 0.033356741573033706
2 0.07964085820895522 0.5084269662921348 0.02028917910447761 0.033707865168539325
2 0.1993936567164179 0.5014044943820225 0.04057835820895522 0.037921348314606744
2 0.22259794776119404 0.5540730337078652 0.022154850746268658 0.027387640449438203
2 0.12931436567164178 0.31583567415730335 0.028218283582089554 0.0488061797752809
2 0.2048740671641791 0.269311797752809 0.029617537313432835 0.04424157303370786
2 0.2312266791044776 0.2403441011235955 0.025419776119402986 0.04108146067415731
2 0.3423507462686567 0.206811797752809 0.058768656716417914 0.07162921348314606
2 0.40928171641791045 0.29827949438202245 0.03451492537313433 0.04108146067415731
2 0.48122667910447764 0.2677317415730337 0.04874067164179104 0.04108146067415731
2 0.4690998134328358 0.3167134831460674 0.060867537313432835 0.0351123595505618
2 0.4117304104477612 0.22963483146067415 0.025419776119402986 0.047050561797752806
2 0.6105410447761194 0.09129213483146068 0.039645522388059705 0.061095505617977525
2 0.7185167910447762 0.7687851123595506 0.03031716417910448 0.11762640449438203
2 0.6983442164179104 0.8191713483146067 0.04267723880597015 0.10533707865168539
2 0.7601445895522388 0.6969803370786517 0.03661380597014925 0.08707865168539326
2 0.3656716417910448 0.6511587078651685 0.05690298507462686 0.05021067415730337
2 0.3514458955223881 0.6906601123595506 0.04057835820895522 0.05337078651685393
2 0.15111940298507462 0.4257373595505618 0.03544776119402985 0.0488061797752809
2 0.253964552238806 0.3960674157303371 0.02845149253731343 0.04143258426966292