0 0.2618936567164179 0.5163272471910112 0.13059701492537312 0.21032303370786518
2 0.5729944029850746 0.20593398876404495 0.039645522388059705 0.055126404494382025
2 0.5963152985074627 0.25702247191011235 0.039645522388059705 0.05337078651685393
2 0.5745102611940298 0.328125 0.038479477611940295 0.11271067415730338
2 0.6206856343283582 0.37622893258426965 0.03754664179104478 0.05933988764044944
2 0.6652285447761194 0.44645365168539325 0.04361007462686567 0.05021067415730337
2 0.3590251865671642 0.5342345505617978 0.04547574626865672 0.08251404494382023
2 0.40006996268656714 0.5280898876404494 0.038479477611940295 0.05196629213483146
2 0.36403917910447764 0.7129564606741573 0.06996268656716417 0.06706460674157304
2 0.08873600746268656 0.5143960674157303 0.03661380597014925 0.04564606741573034
2 0.158232276119403 0.6961025280898876 0.06786380597014925 0.09796348314606741
2 0.769356343283582 0.47331460674157305 0.052705223880597014 0.0702247191011236
2 0.7996735074626866 0.5365168539325843 0.042444029850746266 0.0351123595505618
2 0.7818330223880597 0.5998946629213483 0.08418843283582089 0.09164325842696629
2 0.7920942164179104 0.5862008426966292 0.03148320895522388 0.13728932584269662
2 0.6500699626865671 0.2907303370786517 0.03148320895522388 0.07514044943820225
2 0.46047108208955223 0.3144311797752809 0.04547574626865672 0.055126404494382025
2 0.5137593283582089 0.4610252808988764 0.02845149253731343 0.05196629213483146
2 0.5303171641791045 0.46032303370786515 0.05783582089552239 0.05337078651685393
2 0.5943330223880597 0.46032303370786515 0.035680970149253734 0.05337078651685393
2 0.43050373134328357 0.7473665730337079 0.05457089552238806 0.09023876404494383
2 0.6577658582089553 0.9320575842696629 0.038479477611940295 0.05021067415730337
2 0.6517024253731343 0.8390098314606742 0.038479477611940295 0.047401685393258425
2 0.6972947761194029 0.38149578651685395 0.02845149253731343 0.0488061797752809
2 0.6794542910447762 0.2341994382022472 0.04967350746268657 0.05337078651685393
2 0.6338619402985075 0.1386938202247191 0.07789179104477612 0.061095505617977525
2 0.7631763059701493 0.37377106741573035 0.01842350746268657 0.030547752808988762
2 0.18248600746268656 0.5066713483146067 0.02728544776119403 0.07935393258426966
2 0.11916977611940298 0.3418188202247191 0.04477611940298507 0.0488061797752809
2 0.4118470149253731 0.04108146067415731 0.029384328358208957 0.04915730337078652
1 0.5060634328358209 0.7083918539325843 0.09841417910447761 0.17099719101123595
1 0.47971082089552236 0.6609901685393258 0.15298507462686567 0.07970505617977527
1 0.5851212686567164 0.6541432584269663 0.05783582089552239 0.10252808988764045
1 0.5816231343283582 0.5602176966292135 0.06902985074626866 0.07338483146067416