0 0.181669776119403 0.4371488764044944 0.12313432835820895 0.20575842696629212
1 0.7195662313432836 0.5839185393258427 0.16534514925373134 0.13342696629213482
1 0.6197527985074627 0.7691362359550562 0.05853544776119403 0.1288623595505618
1 0.7090718283582089 0.8337429775280899 0.08092350746268656 0.16748595505617977
1 0.3697527985074627 0.46629213483146065 0.08418843283582089 0.15168539325842698
1 0.45382462686567165 0.484375 0.05690298507462686 0.09726123595505617
1 0.5055970149253731 0.6574789325842697 0.04337686567164179 0.10849719101123595
1 0.4846082089552239 0.6529143258426966 0.0853544776119403 0.09515449438202248
1 0.37569962686567165 0.5839185393258427 0.03591417910447761 0.07443820224719101
1 0.462803171641791 0.633251404494382 0.12896455223880596 0.047401685393258425
1 0.38549440298507465 0.5553019662921348 0.052705223880597014 0.12183988764044944
1 0.6219682835820896 0.11253511235955056 0.12313432835820895 0.0586376404494382
1 0.3179804104477612 0.10797050561797752 0.07066231343283583 0.0586376404494382
1 0.5378964552238806 0.18047752808988765 0.06599813432835822 0.0723314606741573
1 0.5542210820895522 0.9297752808988764 0.06273320895522388 0.042837078651685394
1 0.5785914179104478 0.8848314606741573 0.036380597014925374 0.0351123595505618
1 0.3361707089552239 0.824438202247191 0.09538246268656717 0.054775280898876406