0 0.6732742537313433 0.47349016853932585 0.10960820895522388 0.16959269662921347
1 0.754081156716418 0.7824789325842697 0.03055037313432836 0.02914325842696629
1 0.7530317164179104 0.6671348314606742 0.048507462686567165 0.0976123595505618
2 0.158232276119403 0.6639747191011236 0.04547574626865672 0.10393258426966293
2 0.10599347014925373 0.6655547752808989 0.03661380597014925 0.05793539325842697
2 0.2216651119402985 0.6983848314606742 0.04267723880597015 0.08707865168539326
2 0.19671175373134328 0.5953300561797753 0.05387126865671642 0.08883426966292135
2 0.31494869402985076 0.2166432584269663 0.050606343283582086 0.06741573033707865
2 0.24090485074626866 0.23560393258426968 0.0830223880597015 0.11446629213483146
2 0.46198694029850745 0.7793188202247191 0.04057835820895522 0.06566011235955056
2 0.6135727611940298 0.8702598314606742 0.0457089552238806 0.0488061797752809