0 0.25734608208955223 0.45768960674157305 0.10657649253731344 0.19206460674157302
1 0.534981343283582 0.5035112359550562 0.06902985074626866 0.11306179775280899
1 0.23285914179104478 0.8312851123595506 0.060867537313432835 0.09304775280898876
2 0.4944029850746269 0.26316713483146065 0.052705223880597014 0.09936797752808989
2 0.7286613805970149 0.4938553370786517 0.06273320895522388 0.09936797752808989
2 0.5862873134328358 0.4257373595505618 0.03544776119402985 0.09164325842696629
2 0.6476212686567164 0.5014044943820225 0.0708955223880597 0.06882022471910113
2 0.7555970149253731 0.6037570224719101 0.029384328358208957 0.05933988764044944
2 0.6496035447761194 0.15554775280898878 0.0324160447761194 0.054775280898876406
2 0.48775652985074625 0.1601123595505618 0.06599813432835822 0.04564606741573034
2 0.49498600746268656 0.19452247191011235 0.04967350746268657 0.028792134831460675
2 0.5496735074626866 0.22594803370786518 0.039645522388059705 0.07338483146067416