0 0.24766791044776118 0.48929073033707865 0.12313432835820895 0.19206460674157302
2 0.5638992537313433 0.6625702247191011 0.02751865671641791 0.042837078651685394
2 0.675956156716418 0.8060042134831461 0.02028917910447761 0.03967696629213483
2 0.7079057835820896 0.8534058988764045 0.04361007462686567 0.03967696629213483
2 0.7551305970149254 0.5739115168539326 0.04664179104477612 0.08532303370786516
2 0.8357042910447762 0.5739115168539326 0.03148320895522388 0.03686797752808989
2 0.828008395522388 0.6220154494382022 0.038479477611940295 0.056530898876404494
2 0.7920942164179104 0.585498595505618 0.03148320895522388 0.06566011235955056
2 0.695195895522388 0.382373595505618 0.022388059701492536 0.0351123595505618
2 0.7672574626865671 0.3983497191011236 0.024253731343283583 0.030547752808988762
2 0.7353078358208955 0.38606039325842695 0.03125 0.06706460674157304
2 0.734375 0.45031601123595505 0.029384328358208957 0.08251404494382023
2 0.5811567164179104 0.183813202247191 0.0457089552238806 0.07759831460674158
2 0.7201492537313433 0.2227879213483146 0.05177238805970149 0.06706460674157304
2 0.6247667910447762 0.10287921348314606 0.0457089552238806 0.07162921348314606
2 0.4021688432835821 0.2930126404494382 0.07299440298507463 0.06706460674157304