0 0.5839552238805971 0.7436797752808989 0.1142723880597015 0.16713483146067415
2 0.29559235074626866 0.2891502808988764 0.050606343283582086 0.05933988764044944
2 0.3443330223880597 0.22208567415730338 0.04267723880597015 0.07478932584269662
2 0.4005363805970149 0.21049859550561797 0.06599813432835822 0.09164325842696629
2 0.3443330223880597 0.2830056179775281 0.028218283582089554 0.02598314606741573
2 0.4158115671641791 0.3188202247191011 0.07416044776119403 0.0702247191011236
2 0.22912779850746268 0.269311797752809 0.03754664179104478 0.04424157303370786
2 0.45638992537313433 0.42889747191011235 0.025186567164179104 0.030547752808988762
2 0.5604011194029851 0.5869030898876404 0.052705223880597014 0.0839185393258427
2 0.6044776119402985 0.5066713483146067 0.033582089552238806 0.08848314606741572
2 0.5947994402985075 0.3205758426966292 0.04874067164179104 0.061095505617977525
2 0.5887360074626866 0.24490870786516855 0.0324160447761194 0.08110955056179775
2 0.6247667910447762 0.19382022471910113 0.025186567164179104 0.027387640449438203
2 0.5066464552238806 0.2868679775280899 0.02028917910447761 0.042837078651685394
2 0.5319496268656716 0.26843398876404495 0.04477611940298507 0.03967696629213483
2 0.5416277985074627 0.3746488764044944 0.01515858208955224 0.028792134831460675
2 0.6789878731343284 0.38764044943820225 0.022154850746268658 0.042837078651685394
2 0.6166044776119403 0.6007724719101124 0.021455223880597014 0.04424157303370786
2 0.3478311567164179 0.46997893258426965 0.03754664179104478 0.03967696629213483
2 0.504081156716418 0.49912219101123595 0.03334888059701493 0.045997191011235956
2 0.2814832089552239 0.3572682584269663 0.05690298507462686 0.0488061797752809
2 0.27273787313432835 0.34269662921348315 0.03754664179104478 0.07794943820224719
2 0.6591651119402985 0.8992275280898876 0.02728544776119403 0.04564606741573034
1 0.3381529850746269 0.7487710674157303 0.04057835820895522 0.07198033707865169
1 0.20988805970149255 0.5777738764044944 0.04757462686567164 0.07198033707865169