0 0.1553171641791045 0.39308286516853935 0.10960820895522388 0.18995786516853932
1 0.33896921641791045 0.43240870786516855 0.11543843283582089 0.1288623595505618
1 0.4808768656716418 0.5488061797752809 0.12313432835820895 0.15379213483146068
1 0.6302472014925373 0.27861657303370785 0.06459888059701492 0.08813202247191011
1 0.47364738805970147 0.43890449438202245 0.13292910447761194 0.06882022471910113
1 0.574043843283582 0.5273876404494382 0.06180037313432836 0.17275280898876405
1 0.6821361940298507 0.2501755617977528 0.04057835820895522 0.1190308988764045
1 0.6891324626865671 0.32127808988764045 0.05083955223880597 0.11165730337078651
1 0.5673973880597015 0.21207865168539325 0.06296641791044776 0.1523876404494382
1 0.6237173507462687 0.503686797752809 0.03754664179104478 0.08532303370786516
2 0.6238339552238806 0.6687148876404494 0.15111940298507462 0.19557584269662923
2 0.3423507462686567 0.18995786516853932 0.10541044776119403 0.08426966292134831