0 0.22737873134328357 0.39554073033707865 0.12453358208955224 0.18082865168539325
1 0.5514225746268657 0.33286516853932585 0.04221082089552239 0.12429775280898876
1 0.6557835820895522 0.3611306179775281 0.04664179104477612 0.11762640449438203
1 0.6565998134328358 0.16450140449438203 0.06599813432835822 0.07689606741573034
1 0.6579990671641791 0.2515800561797753 0.06319962686567164 0.06566011235955056
1 0.6865671641791045 0.34094101123595505 0.1021455223880597 0.0723314606741573
1 0.6774720149253731 0.5679424157303371 0.0480410447761194 0.09726123595505617
1 0.42898787313432835 0.6365870786516854 0.07999067164179105 0.11306179775280899
1 0.408232276119403 0.13342696629213482 0.016091417910447763 0.05337078651685393
1 0.5299673507462687 0.42661516853932585 0.05480410447761194 0.05056179775280899
1 0.7059235074626866 0.42134831460674155 0.08022388059701492 0.0702247191011236
1 0.656133395522388 0.5533707865168539 0.06180037313432836 0.09901685393258428
1 0.5213386194029851 0.018258426966292134 0.02728544776119403 0.03651685393258427
1 0.1556669776119403 0.7075140449438202 0.024486940298507464 0.04143258426966292
1 0.1009794776119403 0.5310744382022472 0.02845149253731343 0.03967696629213483