0 0.6815531716417911 0.5221207865168539 0.11124067164179105 0.16292134831460675
1 0.4298041044776119 0.43697331460674155 0.060167910447761194 0.07900280898876405
1 0.37989738805970147 0.4594452247191011 0.02845149253731343 0.045997191011235956
1 0.4097481343283582 0.32127808988764045 0.0457089552238806 0.04424157303370786
2 0.19776119402985073 0.715063202247191 0.04151119402985075 0.06566011235955056
2 0.2520988805970149 0.6548455056179775 0.04664179104477612 0.06390449438202248
2 0.30223880597014924 0.882373595505618 0.06809701492537314 0.05196629213483146
2 0.36100746268656714 0.7489466292134831 0.03544776119402985 0.05337078651685393
2 0.355527052238806 0.359375 0.03661380597014925 0.05021067415730337
2 0.3214785447761194 0.29213483146067415 0.03148320895522388 0.04424157303370786
2 0.43913246268656714 0.265625 0.049906716417910446 0.06425561797752809
2 0.396455223880597 0.40150983146067415 0.03544776119402985 0.06425561797752809
2 0.490321828358209 0.42275280898876405 0.04874067164179104 0.027387640449438203
2 0.48274253731343286 0.37394662921348315 0.03544776119402985 0.033707865168539325
2 0.5065298507462687 0.2303370786516854 0.02845149253731343 0.03651685393258427
2 0.4103311567164179 0.561622191011236 0.026352611940298507 0.021418539325842697
2 0.5537546641791045 0.7036516853932584 0.035680970149253734 0.05196629213483146
2 0.5146921641791045 0.8260182584269663 0.04664179104477612 0.055126404494382025
2 0.3011893656716418 0.7398174157303371 0.02728544776119403 0.0351123595505618
2 0.19228078358208955 0.7694873595505618 0.026352611940298507 0.03686797752808989
2 0.2713386194029851 0.8182935393258427 0.0324160447761194 0.051615168539325844
2 0.3128498134328358 0.36411516853932585 0.0324160447761194 0.04424157303370786
2 0.498017723880597 0.3242626404494382 0.03754664179104478 0.047401685393258425
2 0.5192397388059702 0.37394662921348315 0.04361007462686567 0.042837078651685394
2 0.6911147388059702 0.9176615168539326 0.0324160447761194 0.03967696629213483