0 0.2431203358208955 0.4961376404494382 0.11124067164179105 0.16502808988764045
1 0.32684235074626866 0.6855688202247191 0.03754664179104478 0.29599719101123595
1 0.46956623134328357 0.6437851123595506 0.09771455223880597 0.29389044943820225
1 0.47166511194029853 0.555126404494382 0.08698694029850747 0.2577247191011236
1 0.5619169776119403 0.39167837078651685 0.08698694029850747 0.07478932584269662
1 0.6730410447761194 0.7048806179775281 0.045242537313432835 0.14009831460674158
1 0.48309235074626866 0.8958918539325843 0.040345149253731345 0.06566011235955056
1 0.5889692164179104 0.8755266853932584 0.078125 0.1288623595505618
1 0.5979477611940298 0.5024578651685393 0.06902985074626866 0.1151685393258427
1 0.44857742537313433 0.7759831460674157 0.12476679104477612 0.11095505617977527
1 0.35237873134328357 0.8433988764044944 0.052705223880597014 0.0625
1 0.6947294776119403 0.5472261235955056 0.039645522388059705 0.0839185393258427
1 0.28393190298507465 0.6961025280898876 0.01935634328358209 0.0488061797752809
1 0.6273320895522388 0.5595154494382022 0.04057835820895522 0.05933988764044944
2 0.36357276119402987 0.6739817415730337 0.04057835820895522 0.03827247191011236
2 0.38187966417910446 0.5540730337078652 0.02028917910447761 0.03651685393258427
2 0.3868936567164179 0.39308286516853935 0.03451492537313433 0.04108146067415731
2 0.6541511194029851 0.3342696629213483 0.0457089552238806 0.06390449438202248
2 0.6531016791044776 0.6244733146067416 0.02728544776119403 0.030547752808988762
2 0.6181203358208955 0.7243679775280899 0.04267723880597015 0.06882022471910113
2 0.562383395522388 0.670997191011236 0.060867537313432835 0.14185393258426968
2 0.5841884328358209 0.6404494382022472 0.10261194029850747 0.08075842696629214
2 0.5328824626865671 0.9130969101123596 0.02845149253731343 0.05793539325842697