0 0.6904151119402985 0.581811797752809 0.10797574626865672 0.19662921348314608
1 0.33523787313432835 0.8653441011235955 0.10517723880597014 0.09515449438202248
1 0.20242537313432835 0.8100421348314607 0.08255597014925373 0.07443820224719101
1 0.38770988805970147 0.6411516853932584 0.078125 0.10393258426966293
1 0.2699393656716418 0.3883426966292135 0.05853544776119403 0.05898876404494382
1 0.25711287313432835 0.4606741573033708 0.03894589552238806 0.05407303370786517
1 0.404384328358209 0.34094101123595505 0.0480410447761194 0.10393258426966293
1 0.42607276119402987 0.444873595505618 0.02845149253731343 0.12219101123595505
1 0.45755597014925375 0.409936797752809 0.0914179104477612 0.056530898876404494
1 0.4959188432835821 0.3340941011235955 0.059934701492537316 0.10428370786516854
1 0.44402985074626866 0.24929775280898878 0.07649253731343283 0.05196629213483146
1 0.3052705223880597 0.43433988764044945 0.04757462686567164 0.10533707865168539
1 0.3529617537313433 0.43433988764044945 0.021222014925373133 0.04424157303370786
1 0.355527052238806 0.24578651685393257 0.05480410447761194 0.13132022471910113
1 0.394472947761194 0.7471910112359551 0.025419776119402986 0.07162921348314606
1 0.4665345149253731 0.8196980337078652 0.02728544776119403 0.03967696629213483
1 0.38794309701492535 0.8686797752808989 0.016091417910447763 0.04564606741573034
1 0.1962453358208955 0.7220856741573034 0.046875 0.1035814606741573
1 0.18108675373134328 0.5488061797752809 0.04267723880597015 0.0625
1 0.44577891791044777 0.18995786516853932 0.04874067164179104 0.0625
1 0.24638526119402984 0.15941011235955055 0.05573694029850746 0.05337078651685393
1 0.613106343283582 0.43504213483146065 0.03871268656716418 0.07935393258426966
2 0.3220615671641791 0.6379915730337079 0.04057835820895522 0.042837078651685394
2 0.24650186567164178 0.7227879213483146 0.05363805970149254 0.09304775280898876
2 0.21198694029850745 0.6427317415730337 0.033582089552238806 0.03686797752808989
2 0.32509328358208955 0.21207865168539325 0.05690298507462686 0.030196629213483147
2 0.34888059701492535 0.3379564606741573 0.05970149253731343 0.03827247191011236
2 0.6166044776119403 0.96875 0.08628731343283583 0.0625
2 0.22866138059701493 0.20365168539325842 0.06506529850746269 0.04424157303370786
2 0.8208955223880597 0.34866573033707865 0.04057835820895522 0.04424157303370786