0 0.2077891791044776 0.5674157303370787 0.12173507462686567 0.1853932584269663
1 0.6655783582089553 0.7601825842696629 0.12313432835820895 0.09269662921348315
1 0.6232509328358209 0.7737008426966292 0.08698694029850747 0.09726123595505617
1 0.6782882462686567 0.539501404494382 0.09444962686567164 0.09936797752808989
1 0.7623600746268657 0.5465238764044944 0.0914179104477612 0.14922752808988765
1 0.7758861940298507 0.6992626404494382 0.052705223880597014 0.09726123595505617
1 0.5453591417910447 0.6088483146067416 0.05387126865671642 0.08356741573033707
1 0.4388992537313433 0.6314957865168539 0.11707089552238806 0.08813202247191011
1 0.4988339552238806 0.5433637640449438 0.08722014925373134 0.056530898876404494
1 0.3538945895522388 0.7522823033707865 0.03754664179104478 0.07689606741573034
1 0.5971315298507462 0.7986306179775281 0.13362873134328357 0.13799157303370788
1 0.7013759328358209 0.20856741573033707 0.07206156716417911 0.11095505617977527
1 0.6498367537313433 0.27422752808988765 0.04361007462686567 0.08356741573033707
1 0.586054104477612 0.3771067415730337 0.06902985074626866 0.15379213483146068
1 0.365205223880597 0.3182935393258427 0.07509328358208955 0.07689606741573034
1 0.314365671641791 0.37780898876404495 0.05970149253731343 0.06882022471910113
1 0.36963619402985076 0.409936797752809 0.0648320895522388 0.07478932584269662
1 0.474580223880597 0.3969452247191011 0.029384328358208957 0.06425561797752809
1 0.3590251865671642 0.6471207865168539 0.04547574626865672 0.0702247191011236
1 0.43819962686567165 0.7961727528089888 0.04151119402985075 0.05021067415730337
1 0.38899253731343286 0.860252808988764 0.02845149253731343 0.0625
1 0.5404617537313433 0.8700842696629213 0.04361007462686567 0.05196629213483146
2 0.38899253731343286 0.9487359550561798 0.03451492537313433 0.05337078651685393
2 0.18889925373134328 0.1153441011235955 0.022388059701492536 0.056530898876404494
2 0.09689832089552239 0.37622893258426965 0.0324160447761194 0.0684691011235955