0 0.6852845149253731 0.47787921348314605 0.12150186567164178 0.19662921348314608
1 0.28568097014925375 0.5319522471910112 0.08722014925373134 0.07443820224719101
1 0.31576492537313433 0.3962429775280899 0.04197761194029851 0.07478932584269662
1 0.3683535447761194 0.46172752808988765 0.05713619402985075 0.06530898876404495
1 0.5169076492537313 0.41906601123595505 0.0240205223880597 0.10428370786516854
2 0.1886660447761194 0.6358848314606742 0.0457089552238806 0.12359550561797752
2 0.18411847014925373 0.7761587078651685 0.056669776119402986 0.047401685393258425
2 0.16686100746268656 0.6288623595505618 0.07719216417910447 0.08567415730337079
2 0.1496035447761194 0.4945575842696629 0.034281716417910446 0.0488061797752809
2 0.19169776119402984 0.5075491573033708 0.03125 0.03546348314606742
2 0.2459188432835821 0.38219803370786515 0.0324160447761194 0.07478932584269662
2 0.275419776119403 0.22805477528089887 0.058768656716417914 0.09936797752808989
2 0.5993470149253731 0.6523876404494382 0.033582089552238806 0.05407303370786517
2 0.5622667910447762 0.39747191011235955 0.04057835820895522 0.061095505617977525