0 0.7573460820895522 0.4066011235955056 0.12756529850746268 0.22612359550561797
1 0.5994636194029851 0.3024929775280899 0.10797574626865672 0.0860252808988764
1 0.47166511194029853 0.2952949438202247 0.05713619402985075 0.2710674157303371
1 0.43131996268656714 0.20189606741573032 0.13502798507462688 0.09269662921348315
1 0.39972014925373134 0.35656601123595505 0.15904850746268656 0.14009831460674158
1 0.28194962686567165 0.2345505617977528 0.07369402985074627 0.16292134831460675
1 0.23460820895522388 0.4278441011235955 0.1021455223880597 0.08813202247191011
1 0.16021455223880596 0.355688202247191 0.07649253731343283 0.061095505617977525
1 0.23460820895522388 0.25509129213483145 0.07789179104477612 0.07689606741573034
1 0.293027052238806 0.3692064606741573 0.06180037313432836 0.10077247191011236
1 0.35645988805970147 0.2770365168539326 0.05480410447761194 0.10533707865168539
1 0.4376166044776119 0.06776685393258428 0.046875 0.056179775280898875
1 0.185517723880597 0.31144662921348315 0.03148320895522388 0.07935393258426966
2 0.22003264925373134 0.32900280898876405 0.03941231343283582 0.06882022471910113
2 0.14855410447761194 0.2563202247191011 0.05690298507462686 0.07654494382022473
2 0.23880597014925373 0.6671348314606742 0.02845149253731343 0.06390449438202248
2 0.28288246268656714 0.6992626404494382 0.04151119402985075 0.0488061797752809
2 0.2372901119402985 0.8205758426966292 0.041744402985074626 0.08075842696629214
2 0.32311100746268656 0.9619030898876404 0.05480410447761194 0.06706460674157304
2 0.41126399253731344 0.7519311797752809 0.034281716417910446 0.07198033707865169