0 0.6582322761194029 0.44856039325842695 0.11870335820895522 0.19206460674157302
2 0.41744402985074625 0.11358848314606741 0.2150186567164179 0.10217696629213484
2 0.4432136194029851 0.2952949438202247 0.09025186567164178 0.047050561797752806
2 0.5187733208955224 0.28072331460674155 0.05293843283582089 0.055126404494382025
2 0.5679804104477612 0.31144662921348315 0.05573694029850746 0.0702247191011236
2 0.6927472014925373 0.1288623595505618 0.06599813432835822 0.13904494382022473
2 0.16942630597014927 0.5976123595505618 0.08418843283582089 0.08707865168539326
2 0.28801305970149255 0.6448384831460674 0.06996268656716417 0.11762640449438203
2 0.2662080223880597 0.6601123595505618 0.1117070895522388 0.08707865168539326
2 0.39797108208955223 0.733497191011236 0.11963619402985075 0.07794943820224719
2 0.38642723880597013 0.819873595505618 0.10027985074626866 0.06741573033707865
2 0.31086753731343286 0.8632373595505618 0.0853544776119403 0.09304775280898876
2 0.23577425373134328 0.886938202247191 0.10541044776119403 0.07654494382022473
2 0.6612639925373134 0.7831811797752809 0.05387126865671642 0.11271067415730338
2 0.715018656716418 0.6952247191011236 0.03544776119402985 0.21839887640449437
2 0.5146921641791045 0.5702247191011236 0.042444029850746266 0.04424157303370786
2 0.5654151119402985 0.503686797752809 0.03661380597014925 0.0488061797752809
2 0.23472481343283583 0.17310393258426968 0.08931902985074627 0.07162921348314606
2 0.8229944029850746 0.567064606741573 0.05690298507462686 0.059691011235955056
2 0.8229944029850746 0.3616573033707865 0.042444029850746266 0.0976123595505618