0 0.22667910447761194 0.39536516853932585 0.11707089552238806 0.19452247191011235
1 0.5551539179104478 0.3284761235955056 0.07346082089552239 0.07478932584269662
1 0.5499067164179104 0.5737359550561798 0.045242537313432835 0.0723314606741573
1 0.4771455223880597 0.41099016853932585 0.05550373134328358 0.09936797752808989
1 0.4285214552238806 0.9046699438202247 0.050606343283582086 0.056530898876404494
1 0.4766791044776119 0.5649578651685393 0.039645522388059705 0.13132022471910113
1 0.3996035447761194 0.4159058988764045 0.04547574626865672 0.06285112359550561
1 0.451259328358209 0.3922050561797753 0.10027985074626866 0.10674157303370786
2 0.3985541044776119 0.6518609550561798 0.09235074626865672 0.05793539325842697
2 0.3929570895522388 0.7220856741573034 0.09934701492537314 0.07057584269662921
2 0.31541511194029853 0.4418890449438202 0.05760261194029851 0.05372191011235955
2 0.3205457089552239 0.3746488764044944 0.07206156716417911 0.059691011235955056
2 0.6455223880597015 0.3686797752808989 0.03871268656716418 0.05337078651685393
2 0.6506529850746269 0.2542134831460674 0.11147388059701492 0.10533707865168539
2 0.5831389925373134 0.2052317415730337 0.08418843283582089 0.07198033707865169
2 0.5816231343283582 0.269311797752809 0.10960820895522388 0.059691011235955056
2 0.3119169776119403 0.2777387640449438 0.09118470149253731 0.11938202247191011
2 0.3067863805970149 0.20979634831460675 0.046875 0.08672752808988764
2 0.4291044776119403 0.8189957865168539 0.15111940298507462 0.1113061797752809
2 0.5101445895522388 0.9245084269662921 0.07392723880597014 0.09620786516853932
2 0.3006063432835821 0.7166432584269663 0.052705223880597014 0.07794943820224719
2 0.2525652985074627 0.6785463483146067 0.0457089552238806 0.07759831460674158
2 0.5425606343283582 0.7891502808988764 0.08232276119402986 0.07338483146067416
2 0.339785447761194 0.8151334269662921 0.05177238805970149 0.06425561797752809
2 0.46198694029850745 0.11358848314606741 0.03451492537313433 0.056530898876404494
2 0.503964552238806 0.030372191011235956 0.02332089552238806 0.0488061797752809
2 0.17490671641791045 0.17995084269662923 0.042444029850746266 0.07338483146067416
2 0.28218283582089554 0.04195926966292135 0.08815298507462686 0.07478932584269662
2 0.41534514925373134 0.2907303370786517 0.06296641791044776 0.0898876404494382
2 0.7611940298507462 0.47542134831460675 0.02845149253731343 0.04424157303370786
2 0.6936800373134329 0.36639747191011235 0.04361007462686567 0.055126404494382025