0 0.20032649253731344 0.47349016853932585 0.10960820895522388 0.2011938202247191
1 0.18796641791044777 0.7148876404494382 0.0960820895522388 0.24648876404494383
1 0.5236707089552238 0.5839185393258427 0.12476679104477612 0.35042134831460675
1 0.5965485074626866 0.7828300561797753 0.17117537313432835 0.09726123595505617
1 0.7466184701492538 0.6495786516853933 0.09305037313432836 0.20575842696629212
1 0.6700093283582089 0.49912219101123595 0.11707089552238806 0.22577247191011235
1 0.6070429104477612 0.3532303370786517 0.21315298507462688 0.10182584269662921
1 0.39528917910447764 0.6810042134831461 0.07509328358208955 0.17872191011235955
1 0.6106576492537313 0.1329002808988764 0.11263992537313433 0.10849719101123595
1 0.10541044776119403 0.594627808988764 0.05783582089552239 0.07198033707865169
1 0.23169309701492538 0.8395365168539326 0.07905783582089553 0.07935393258426966
1 0.33722014925373134 0.47401685393258425 0.048507462686567165 0.10252808988764045
1 0.34071828358208955 0.9480337078651685 0.05970149253731343 0.07654494382022473
1 0.3402518656716418 0.8802668539325843 0.058768656716417914 0.10533707865168539
1 0.6926305970149254 0.8344452247191011 0.039645522388059705 0.047401685393258425
1 0.6824860074626866 0.8656952247191011 0.025419776119402986 0.05793539325842697
1 0.6606809701492538 0.7816011235955056 0.03451492537313433 0.09480337078651685
1 0.5988805970149254 0.5754915730337079 0.02658582089552239 0.07935393258426966
1 0.4548740671641791 0.5075491573033708 0.026352611940298507 0.047401685393258425
1 0.7312266791044776 0.8595505617977528 0.035680970149253734 0.0702247191011236
1 0.5222714552238806 0.34884129213483145 0.04361007462686567 0.16327247191011235