0 0.7453358208955224 0.5231741573033708 0.10354477611940298 0.20575842696629212
1 0.5191231343283582 0.5258075842696629 0.11847014925373134 0.14922752808988765
1 0.5492070895522388 0.3985252808988764 0.07042910447761194 0.20575842696629212
1 0.39598880597014924 0.5951544943820225 0.08255597014925373 0.1875
1 0.46431902985074625 0.6290379213483146 0.07509328358208955 0.07478932584269662
1 0.34794776119402987 0.6778441011235955 0.08255597014925373 0.10849719101123595
1 0.2826492537313433 0.7398174157303371 0.1142723880597015 0.0702247191011236
1 0.2068563432835821 0.6211376404494382 0.07042910447761194 0.19873595505617977
1 0.34654850746268656 0.5500351123595506 0.16371268656716417 0.09726123595505617
1 0.2992070895522388 0.4606741573033708 0.06296641791044776 0.26685393258426965
1 0.28043376865671643 0.36235955056179775 0.16068097014925373 0.11095505617977527
1 0.3396688432835821 0.27984550561797755 0.06599813432835822 0.17626404494382023
1 0.40123600746268656 0.25491573033707865 0.18306902985074627 0.09058988764044944
1 0.203125 0.2401685393258427 0.0480410447761194 0.061095505617977525
1 0.24965018656716417 0.19276685393258428 0.059934701492537316 0.06530898876404495
1 0.22411380597014927 0.5488061797752809 0.06296641791044776 0.13553370786516855
1 0.26399253731343286 0.5373946629213483 0.10960820895522388 0.10849719101123595
1 0.31494869402985076 0.8344452247191011 0.09724813432835822 0.06566011235955056
1 0.3478311567164179 0.8549859550561798 0.03148320895522388 0.10674157303370786
1 0.2810167910447761 0.8748244382022472 0.029384328358208957 0.08532303370786516
1 0.22877798507462688 0.4259129213483146 0.08115671641791045 0.13132022471910113
1 0.29769123134328357 0.17854634831460675 0.056669776119402986 0.055126404494382025
1 0.4979011194029851 0.30969101123595505 0.05783582089552239 0.0702247191011236
1 0.5122434701492538 0.2672050561797753 0.04967350746268657 0.061095505617977525
1 0.5051305970149254 0.4220505617977528 0.03544776119402985 0.056179775280898875
1 0.3909748134328358 0.3258426966292135 0.05480410447761194 0.059691011235955056
1 0.5720615671641791 0.5214185393258427 0.04757462686567164 0.04424157303370786
1 0.34888059701492535 0.620435393258427 0.03731343283582089 0.15730337078651685
2 0.4285214552238806 0.15010533707865167 0.07112873134328358 0.06566011235955056