0 0.7326259328358209 0.45979634831460675 0.10517723880597014 0.16959269662921347
1 0.4959188432835821 0.46752106741573035 0.059934701492537316 0.09936797752808989
1 0.43435167910447764 0.4257373595505618 0.05107276119402985 0.10639044943820225
1 0.40496735074626866 0.23121488764044945 0.07066231343283583 0.09726123595505617
1 0.44402985074626866 0.14992977528089887 0.049440298507462684 0.0702247191011236
1 0.42082555970149255 0.3283005617977528 0.09911380597014925 0.09269662921348315
1 0.4921875 0.29564606741573035 0.04361007462686567 0.13553370786516855
1 0.31786380597014924 0.6132373595505618 0.06763059701492537 0.08813202247191011
1 0.4861240671641791 0.710498595505618 0.04640858208955224 0.056530898876404494
1 0.5451259328358209 0.7817766853932584 0.04500932835820896 0.0586376404494382
1 0.5537546641791045 0.30003511235955055 0.03148320895522388 0.10849719101123595
1 0.6232509328358209 0.3239115168539326 0.03894589552238806 0.11973314606741572
1 0.3892257462686567 0.8846558988764045 0.03591417910447761 0.047401685393258425
1 0.2736707089552239 0.8528792134831461 0.1261660447761194 0.07935393258426966
1 0.3675373134328358 0.29213483146067415 0.07369402985074627 0.16502808988764045
1 0.4079990671641791 0.2866924157303371 0.07346082089552239 0.1716994382022472
1 0.42082555970149255 0.3223314606741573 0.18306902985074627 0.09480337078651685
1 0.5440764925373134 0.617626404494382 0.042444029850746266 0.04424157303370786
1 0.6003964552238806 0.589185393258427 0.021222014925373133 0.05196629213483146
1 0.3671875 0.7556179775280899 0.03754664179104478 0.10393258426966293
1 0.4751632462686567 0.21348314606741572 0.08931902985074627 0.14957865168539325
1 0.4077658582089552 0.16713483146067415 0.059934701492537316 0.07794943820224719
2 0.2580457089552239 0.40905898876404495 0.03661380597014925 0.05196629213483146
2 0.2515158582089552 0.5159761235955056 0.035680970149253734 0.06425561797752809
2 0.12220149253731344 0.5695224719101124 0.036380597014925374 0.061095505617977525
2 0.34479944029850745 0.48384831460674155 0.03334888059701493 0.054775280898876406
2 0.48892257462686567 0.5823384831460674 0.03148320895522388 0.0684691011235955
2 0.6465718283582089 0.41889044943820225 0.04267723880597015 0.059691011235955056