0 0.15601679104477612 0.45997191011235955 0.10494402985074627 0.1875
1 0.5064132462686567 0.051615168539325844 0.03614738805970149 0.08146067415730338
1 0.4837919776119403 0.4392556179775281 0.08698694029850747 0.08356741573033707
1 0.39552238805970147 0.4594452247191011 0.06576492537313433 0.10990168539325842
1 0.4542910447761194 0.3433988764044944 0.03544776119402985 0.10112359550561797
1 0.6120569029850746 0.4747191011235955 0.03055037313432836 0.04915730337078652
1 0.5689132462686567 0.4977176966292135 0.03334888059701493 0.055126404494382025
2 0.5720615671641791 0.2777387640449438 0.039645522388059705 0.06741573033707865
2 0.6724580223880597 0.4708567415730337 0.03148320895522388 0.06882022471910113
2 0.6409748134328358 0.49683988764044945 0.021222014925373133 0.04424157303370786
2 0.447294776119403 0.08918539325842696 0.05970149253731343 0.08075842696629214
2 0.4177938432835821 0.7410463483146067 0.10844216417910447 0.056530898876404494
2 0.36252332089552236 0.8151334269662921 0.07719216417910447 0.06425561797752809
2 0.5460587686567164 0.7243679775280899 0.05480410447761194 0.07794943820224719
2 0.5634328358208955 0.3472612359550562 0.02845149253731343 0.0351123595505618
2 0.4751632462686567 0.3648174157303371 0.026352611940298507 0.05196629213483146
2 0.6567164179104478 0.29827949438202245 0.022388059701492536 0.03827247191011236
2 0.6166044776119403 0.2189255617977528 0.01912313432835821 0.03195224719101124
2 0.6988106343283582 0.31372893258426965 0.03334888059701493 0.056530898876404494
2 0.636893656716418 0.5656601123595506 0.021455223880597014 0.04424157303370786
2 0.7692397388059702 0.16327247191011235 0.02028917910447761 0.04564606741573034
2 0.4984841417910448 0.3242626404494382 0.022154850746268658 0.03827247191011236
2 0.45627332089552236 0.9015098314606742 0.04361007462686567 0.05933988764044944
2 0.3980876865671642 0.3707865168539326 0.022388059701492536 0.033707865168539325
2 0.3225279850746269 0.18697331460674158 0.01912313432835821 0.03827247191011236
2 0.7094216417910447 0.1975070224719101 0.04477611940298507 0.07478932584269662