0 0.24230410447761194 0.5344101123595506 0.10960820895522388 0.17415730337078653
1 0.5724113805970149 0.6390449438202247 0.05713619402985075 0.08146067415730338
1 0.5236707089552238 0.3714887640449438 0.07066231343283583 0.08356741573033707
1 0.6693097014925373 0.5296699438202247 0.061567164179104475 0.07478932584269662
1 0.745918843283582 0.5602176966292135 0.05853544776119403 0.06776685393258428
1 0.7444029850746269 0.6641502808988764 0.061567164179104475 0.07268258426966293
1 0.6452891791044776 0.651685393258427 0.052705223880597014 0.10603932584269662
1 0.35622667910447764 0.6120084269662921 0.03614738805970149 0.04073033707865169
1 0.16930970149253732 0.29002808988764045 0.02845149253731343 0.09269662921348315
1 0.11916977611940298 0.3304073033707865 0.05083955223880597 0.08426966292134831
1 0.5699626865671642 0.20839185393258428 0.05363805970149254 0.06566011235955056
1 0.7058069029850746 0.6853932584269663 0.07206156716417911 0.07654494382022473
1 0.36007462686567165 0.769311797752809 0.04757462686567164 0.07935393258426966
2 0.6023787313432836 0.4731390449438202 0.029384328358208957 0.045997191011235956