0 0.22061567164179105 0.4475070224719101 0.09328358208955224 0.16748595505617977
1 0.5169076492537313 0.6314957865168539 0.0240205223880597 0.056530898876404494
1 0.6820195895522388 0.39308286516853935 0.016091417910447763 0.03827247191011236
1 0.6658115671641791 0.2594803370786517 0.052705223880597014 0.04564606741573034
1 0.7413712686567164 0.4784058988764045 0.01912313432835821 0.056530898876404494
2 0.6724580223880597 0.4548806179775281 0.03754664179104478 0.05793539325842697
2 0.660331156716418 0.48700842696629215 0.03148320895522388 0.061095505617977525
2 0.7109375 0.8068820224719101 0.035680970149253734 0.059691011235955056
2 0.43913246268656714 0.886938202247191 0.021455223880597014 0.033707865168539325
2 0.6323460820895522 0.21594101123595505 0.03661380597014925 0.04424157303370786
2 0.7718050373134329 0.4899929775280899 0.01935634328358209 0.03686797752808989
2 0.7545475746268657 0.6030547752808989 0.047807835820895525 0.0488061797752809
2 0.6892490671641791 0.6625702247191011 0.026352611940298507 0.033707865168539325
2 0.5593516791044776 0.7838834269662921 0.02028917910447761 0.02914325842696629
2 0.5710121268656716 0.8618328651685393 0.07999067164179105 0.06566011235955056
2 0.6161380597014925 0.8267205056179775 0.052705223880597014 0.06285112359550561
2 0.6632462686567164 0.3846558988764045 0.02332089552238806 0.042485955056179775
2 0.7002098880597015 0.2503511235955056 0.026352611940298507 0.03651685393258427