0 0.6868003731343284 0.5084269662921348 0.09748134328358209 0.17626404494382023
2 0.35599347014925375 0.08848314606741572 0.02728544776119403 0.04564606741573034
2 0.2986240671641791 0.10287921348314606 0.060867537313432835 0.07162921348314606
2 0.24137126865671643 0.3885182584269663 0.04151119402985075 0.056530898876404494
2 0.2789179104477612 0.3923806179775281 0.033582089552238806 0.0488061797752809
2 0.5334654850746269 0.18609550561797752 0.05153917910447761 0.04915730337078652
2 0.6120569029850746 0.27861657303370785 0.03055037313432836 0.056530898876404494
2 0.2332089552238806 0.8686797752808989 0.03544776119402985 0.04564606741573034
2 0.6986940298507462 0.7640449438202247 0.029384328358208957 0.09339887640449439
2 0.7170009328358209 0.7533356741573034 0.06180037313432836 0.06566011235955056
2 0.6267490671641791 0.9489115168539326 0.025419776119402986 0.03827247191011236
2 0.5826725746268657 0.20962078651685392 0.026352611940298507 0.0351123595505618
1 0.2855643656716418 0.34638342696629215 0.038479477611940295 0.03967696629213483