0 0.7551305970149254 0.5830407303370787 0.11100746268656717 0.18082865168539325
1 0.4568563432835821 0.2087429775280899 0.08722014925373134 0.11973314606741572
1 0.5198227611940298 0.11148174157303371 0.0480410447761194 0.11973314606741572
1 0.3990205223880597 0.14729634831460675 0.04057835820895522 0.056530898876404494
1 0.3208955223880597 0.2403441011235955 0.04664179104477612 0.07900280898876405
1 0.5364972014925373 0.5103581460674157 0.1261660447761194 0.16748595505617977
1 0.39144123134328357 0.5296699438202247 0.13362873134328357 0.06987359550561797
1 0.3763992537313433 0.769311797752809 0.03451492537313433 0.10182584269662921
1 0.3515625 0.6404494382022472 0.05387126865671642 0.1151685393258427
1 0.3284748134328358 0.9320575842696629 0.1396921641791045 0.1014747191011236
1 0.30375466417910446 0.7240168539325843 0.06599813432835822 0.2148876404494382
1 0.1828358208955224 0.7828300561797753 0.06763059701492537 0.13799157303370788
1 0.193330223880597 0.6404494382022472 0.06436567164179105 0.15589887640449437
1 0.3021222014925373 0.44592696629213485 0.07206156716417911 0.09269662921348315
1 0.3734841417910448 0.48332162921348315 0.040345149253731345 0.15344101123595505
1 0.23390858208955223 0.45172050561797755 0.04057835820895522 0.1267556179775281
1 0.20149253731343283 0.46962780898876405 0.1021455223880597 0.0860252808988764
1 0.3113339552238806 0.8319873595505618 0.11240671641791045 0.10077247191011236
1 0.39797108208955223 0.9487359550561798 0.11357276119402986 0.06882022471910113
1 0.22119869402985073 0.7296348314606742 0.04361007462686567 0.20154494382022473
1 0.16884328358208955 0.652563202247191 0.0853544776119403 0.10849719101123595
1 0.10750932835820895 0.616748595505618 0.03731343283582089 0.1035814606741573
2 0.46396921641791045 0.6762640449438202 0.10331156716417911 0.11306179775280899
2 0.5192397388059702 0.8267205056179775 0.04361007462686567 0.0684691011235955
2 0.45638992537313433 0.8693820224719101 0.15298507462686567 0.09620786516853932
2 0.4244402985074627 0.765625 0.058768656716417914 0.05933988764044944
2 0.24440298507462688 0.5998946629213483 0.06389925373134328 0.08883426966292135
2 0.24440298507462688 0.8572682584269663 0.0457089552238806 0.07198033707865169
2 0.2540811567164179 0.7800210674157303 0.026352611940298507 0.09164325842696629
2 0.675956156716418 0.7870435393258427 0.08931902985074627 0.16959269662921347
2 0.6739738805970149 0.8419943820224719 0.058768656716417914 0.2794943820224719
2 0.6461054104477612 0.8785112359550562 0.11450559701492537 0.175561797752809
2 0.7971082089552238 0.711376404494382 0.05783582089552239 0.05196629213483146
2 0.7910447761194029 0.734375 0.0457089552238806 0.10077247191011236
2 0.7515158582089553 0.8237359550561798 0.06366604477611941 0.05337078651685393
2 0.7124533582089553 0.8679775280898876 0.058768656716417914 0.09901685393258428
2 0.7398554104477612 0.8426966292134831 0.05293843283582089 0.08567415730337079
2 0.7860307835820896 0.788623595505618 0.03334888059701493 0.0351123595505618
2 0.7484841417910447 0.3648174157303371 0.181669776119403 0.12219101123595505
2 0.722597947761194 0.3304073033707865 0.14622201492537312 0.2612359550561798
2 0.5228544776119403 0.3960674157303371 0.08722014925373134 0.05337078651685393
2 0.49696828358208955 0.3030196629213483 0.09654850746268656 0.0625
2 0.49895055970149255 0.3670997191011236 0.08232276119402986 0.06285112359550561
2 0.36403917910447764 0.34269662921348315 0.1166044776119403 0.11446629213483146
2 0.24090485074626866 0.27633426966292135 0.07509328358208955 0.0702247191011236
2 0.22003264925373134 0.300561797752809 0.047807835820895525 0.11306179775280899
2 0.2925606343283582 0.30986657303370785 0.03055037313432836 0.11622191011235955
2 0.6258162313432836 0.2700140449438202 0.078125 0.07935393258426966
2 0.6496035447761194 0.37780898876404495 0.08512126865671642 0.08075842696629214
2 0.6623134328358209 0.5677668539325843 0.06996268656716417 0.07935393258426966
2 0.6343283582089553 0.6341292134831461 0.07695895522388059 0.0351123595505618
2 0.27635261194029853 0.19452247191011235 0.09514925373134328 0.07794943820224719