0 0.19274720149253732 0.49947331460674155 0.10657649253731344 0.18995786516853932
1 0.4673507462686567 0.34094101123595505 0.060167910447761194 0.13132022471910113
1 0.5236707089552238 0.503686797752809 0.05247201492537314 0.09515449438202248
1 0.5911847014925373 0.42907303370786515 0.04337686567164179 0.08146067415730338
1 0.507929104477612 0.40765449438202245 0.06902985074626866 0.08356741573033707
1 0.5769589552238806 0.23121488764044945 0.06296641791044776 0.08813202247191011
1 0.543143656716418 0.2403441011235955 0.12779850746268656 0.07478932584269662
1 0.5138759328358209 0.40765449438202245 0.09305037313432836 0.09269662921348315
1 0.6099580223880597 0.4222261235955056 0.07206156716417911 0.09936797752808989
1 0.6648787313432836 0.5472261235955056 0.12173507462686567 0.08110955056179775
1 0.449277052238806 0.47928370786516855 0.04967350746268657 0.07303370786516854
1 0.3685867537313433 0.31969803370786515 0.04267723880597015 0.09304775280898876
1 0.4142957089552239 0.2914325842696629 0.05480410447761194 0.07935393258426966
1 0.6256996268656716 0.31127106741573035 0.039645522388059705 0.1190308988764045
1 0.5522388059701493 0.4060744382022472 0.0830223880597015 0.07338483146067416
1 0.7590951492537313 0.711376404494382 0.042444029850746266 0.06390449438202248
1 0.7353078358208955 0.589185393258427 0.039645522388059705 0.08848314606741572
1 0.5015158582089553 0.2731741573033708 0.044542910447761194 0.061095505617977525
1 0.5339319029850746 0.557935393258427 0.05480410447761194 0.04424157303370786
1 0.6217350746268657 0.5990168539325843 0.033582089552238806 0.0351123595505618
2 0.6810867537313433 0.6701193820224719 0.08325559701492537 0.1618679775280899
2 0.6110074626865671 0.7564957865168539 0.04057835820895522 0.056530898876404494
2 0.562383395522388 0.30372191011235955 0.05900186567164179 0.054775280898876406