0 0.7221315298507462 0.4666432584269663 0.10517723880597014 0.16502808988764045
1 0.3361707089552239 0.7220856741573034 0.04267723880597015 0.07057584269662921
1 0.2966417910447761 0.4594452247191011 0.03031716417910448 0.02422752808988764
1 0.3443330223880597 0.37622893258426965 0.044542910447761194 0.07198033707865169
1 0.42898787313432835 0.3883426966292135 0.05573694029850746 0.07162921348314606
1 0.43819962686567165 0.2816011235955056 0.0457089552238806 0.07794943820224719
1 0.3605410447761194 0.2617626404494382 0.03451492537313433 0.09304775280898876
1 0.47364738805970147 0.2793188202247191 0.08022388059701492 0.08251404494382023
1 0.4453125 0.3707865168539326 0.10237873134328358 0.12219101123595505
1 0.39750466417910446 0.33655196629213485 0.11263992537313433 0.1541432584269663
1 0.3463152985074627 0.38764044943820225 0.0853544776119403 0.05828651685393258
1 0.22259794776119404 0.6030547752808989 0.03661380597014925 0.0488061797752809
1 0.47819496268656714 0.7756320224719101 0.0324160447761194 0.03651685393258427
1 0.5151585820895522 0.7357794943820225 0.033582089552238806 0.0761938202247191
2 0.4224580223880597 0.6420294943820225 0.07299440298507463 0.09936797752808989
2 0.5436100746268657 0.6509831460674157 0.08815298507462686 0.07162921348314606
2 0.4097481343283582 0.7672050561797753 0.03125 0.10252808988764045
2 0.21490205223880596 0.32742275280898875 0.04361007462686567 0.07478932584269662
2 0.18353544776119404 0.29371488764044945 0.033582089552238806 0.05933988764044944
2 0.29361007462686567 0.5654845505617978 0.05690298507462686 0.0839185393258427
2 0.2372901119402985 0.5166783707865169 0.05387126865671642 0.0684691011235955
2 0.6424906716417911 0.3265449438202247 0.0648320895522388 0.0702247191011236