0 0.14773787313432835 0.398876404494382 0.12150186567164178 0.2148876404494382
1 0.527402052238806 0.5149227528089888 0.08418843283582089 0.06776685393258428
1 0.49895055970149255 0.5545997191011236 0.04500932835820896 0.056530898876404494
1 0.5791744402985075 0.42450842696629215 0.04361007462686567 0.05898876404494382
1 0.44624533582089554 0.2538623595505618 0.05107276119402985 0.12008426966292135
1 0.2931436567164179 0.5352879213483146 0.07509328358208955 0.04950842696629214
1 0.3044542910447761 0.4199438202247191 0.05247201492537314 0.05898876404494382
1 0.339785447761194 0.47191011235955055 0.07509328358208955 0.06320224719101124
1 0.44857742537313433 0.39167837078651685 0.07346082089552239 0.06566011235955056
1 0.3892257462686567 0.21875 0.04197761194029851 0.12219101123595505
1 0.2833488805970149 0.39167837078651685 0.08861940298507463 0.06566011235955056
1 0.4142957089552239 0.46400983146067415 0.046875 0.05793539325842697
1 0.39948694029850745 0.5503862359550562 0.029384328358208957 0.03827247191011236
1 0.5476912313432836 0.4311797752808989 0.02728544776119403 0.0351123595505618
1 0.566464552238806 0.4197682584269663 0.06902985074626866 0.0488061797752809
1 0.5531716417910447 0.39378511235955055 0.04057835820895522 0.10077247191011236
1 0.6967117537313433 0.351123595505618 0.03754664179104478 0.03651685393258427
2 0.7753031716417911 0.3167134831460674 0.03055037313432836 0.10814606741573034