0 0.7627098880597015 0.4982443820224719 0.1201026119402985 0.2148876404494382
1 0.5228544776119403 0.8123244382022472 0.11100746268656717 0.11973314606741572
1 0.2953591417910448 0.6811797752808989 0.07066231343283583 0.12429775280898876
1 0.27063899253731344 0.539501404494382 0.07486007462686567 0.05442415730337079
1 0.23915578358208955 0.44030898876404495 0.08418843283582089 0.11306179775280899
1 0.33523787313432835 0.4471558988764045 0.09025186567164178 0.09515449438202248
1 0.3734841417910448 0.3023174157303371 0.05573694029850746 0.1853932584269663
1 0.30142257462686567 0.34094101123595505 0.05247201492537314 0.08146067415730338
1 0.4710820895522388 0.18714887640449437 0.061567164179104475 0.09480337078651685
1 0.5904850746268657 0.3690308988764045 0.05690298507462686 0.08356741573033707
1 0.6114738805970149 0.24473314606741572 0.06902985074626866 0.10182584269662921
1 0.4177938432835821 0.42099719101123595 0.04827425373134328 0.10182584269662921
1 0.4455457089552239 0.38395365168539325 0.0673973880597015 0.14009831460674158
1 0.5041977611940298 0.44838483146067415 0.06763059701492537 0.061095505617977525
1 0.5055970149253731 0.5442415730337079 0.061567164179104475 0.13553370786516855
1 0.5153917910447762 0.5874297752808989 0.15298507462686567 0.0723314606741573
1 0.6084421641791045 0.6674859550561798 0.0480410447761194 0.0702247191011236
1 0.4861240671641791 0.3555126404494382 0.025419776119402986 0.11551966292134831
1 0.515741604477612 0.6794241573033708 0.08325559701492537 0.1678370786516854
1 0.43913246268656714 0.7808988764044944 0.06389925373134328 0.08075842696629214
1 0.2810167910447761 0.2341994382022472 0.029384328358208957 0.10814606741573034
1 0.3240438432835821 0.1975070224719101 0.06273320895522388 0.047401685393258425
1 0.5045475746268657 0.2029494382022472 0.12569962686567165 0.054775280898876406
1 0.4193097014925373 0.24104634831460675 0.03451492537313433 0.13728932584269662
1 0.46956623134328357 0.26632724719101125 0.09025186567164178 0.09304775280898876
1 0.33675373134328357 0.48156601123595505 0.09235074626865672 0.08110955056179775
1 0.2404384328358209 0.6228932584269663 0.04151119402985075 0.054775280898876406
1 0.3123833955223881 0.5495084269662921 0.047807835820895525 0.07303370786516854
1 0.5755597014925373 0.14870084269662923 0.07929104477611941 0.07478932584269662