0 0.20930503731343283 0.3693820224719101 0.10657649253731344 0.16502808988764045
1 0.5537546641791045 0.5458216292134831 0.04967350746268657 0.047401685393258425
1 0.6135727611940298 0.5991924157303371 0.039645522388059705 0.05933988764044944
1 0.5531716417910447 0.6381671348314607 0.03451492537313433 0.09164325842696629
1 0.5511893656716418 0.296875 0.050606343283582086 0.04108146067415731
1 0.45988805970149255 0.19680477528089887 0.02845149253731343 0.06074438202247191
1 0.49137126865671643 0.24719101123595505 0.03264925373134328 0.08216292134831461
1 0.5198227611940298 0.2777387640449438 0.02845149253731343 0.07654494382022473
1 0.5638992537313433 0.2952949438202247 0.06996268656716417 0.0351123595505618
1 0.5953824626865671 0.5458216292134831 0.0457089552238806 0.07478932584269662
1 0.4898554104477612 0.3748244382022472 0.029617537313432835 0.047401685393258425
1 0.5228544776119403 0.43504213483146065 0.022388059701492536 0.04915730337078652
1 0.582206156716418 0.19364466292134833 0.021222014925373133 0.05793539325842697
2 0.7119869402985075 0.6053370786516854 0.017257462686567165 0.0351123595505618
2 0.7409048507462687 0.48771067415730335 0.024253731343283583 0.056179775280898875
2 0.7677238805970149 0.4845505617977528 0.015391791044776119 0.05337078651685393