0 0.24836753731343283 0.4473314606741573 0.10960820895522388 0.1853932584269663
1 0.44111473880597013 0.5307233146067416 0.15461753731343283 0.14922752808988765
1 0.478544776119403 0.46172752808988765 0.07649253731343283 0.2598314606741573
1 0.31704757462686567 0.2515800561797753 0.05387126865671642 0.09726123595505617
1 0.5574860074626866 0.43469101123595505 0.08698694029850747 0.22401685393258428
1 0.582206156716418 0.46980337078651685 0.12476679104477612 0.12640449438202248
1 0.7090718283582089 0.3985252808988764 0.059934701492537316 0.09691011235955056
1 0.7165345149253731 0.2752808988764045 0.05107276119402985 0.2169943820224719
1 0.6256996268656716 0.1543188202247191 0.12453358208955224 0.11060393258426966
1 0.6153218283582089 0.05372191011235955 0.09165111940298508 0.08567415730337079
1 0.5769589552238806 0.06513342696629214 0.15625 0.0586376404494382
1 0.40123600746268656 0.038974719101123594 0.14109141791044777 0.08356741573033707
1 0.5922341417910447 0.2814255617977528 0.04361007462686567 0.07478932584269662
1 0.2662080223880597 0.13114466292134833 0.038479477611940295 0.07057584269662921
1 0.298740671641791 0.07092696629213484 0.06296641791044776 0.0625
1 0.35401119402985076 0.3144311797752809 0.09841417910447761 0.08251404494382023
1 0.43854944029850745 0.40905898876404495 0.0324160447761194 0.09129213483146068
1 0.6176539179104478 0.5565308988764045 0.04967350746268657 0.06882022471910113
1 0.6682602611940298 0.46558988764044945 0.04967350746268657 0.05828651685393258
1 0.4183768656716418 0.594627808988764 0.08722014925373134 0.09304775280898876
1 0.6282649253731343 0.25245786516853935 0.03031716417910448 0.07162921348314606
1 0.5065298507462687 0.1678370786516854 0.02845149253731343 0.07935393258426966
1 0.34328358208955223 0.1639747191011236 0.03451492537313433 0.04424157303370786
1 0.3787313432835821 0.18837780898876405 0.03451492537313433 0.04108146067415731
2 0.6708255597014925 0.6379915730337079 0.038479477611940295 0.0702247191011236
2 0.7545475746268657 0.6434339887640449 0.03334888059701493 0.05372191011235955
2 0.7677238805970149 0.5907654494382022 0.025186567164179104 0.042485955056179775
2 0.6847014925373134 0.5737359550561798 0.04151119402985075 0.04564606741573034
2 0.5679804104477612 0.8969452247191011 0.04547574626865672 0.07759831460674158
2 0.4670009328358209 0.7473665730337079 0.02028917910447761 0.03827247191011236
2 0.5218050373134329 0.8351474719101124 0.0324160447761194 0.0488061797752809
2 0.4777285447761194 0.8311095505617978 0.03334888059701493 0.0351123595505618
2 0.6606809701492538 0.25860252808988765 0.04057835820895522 0.05021067415730337