0 0.16429570895522388 0.47331460674157305 0.12150186567164178 0.19662921348314608
1 0.3381529850746269 0.5115870786516854 0.1828358208955224 0.12851123595505617
1 0.4493936567164179 0.6585323033707865 0.0480410447761194 0.14220505617977527
1 0.3908582089552239 0.6448384831460674 0.07509328358208955 0.13799157303370788
1 0.6190531716417911 0.32724719101123595 0.078125 0.10393258426966293
1 0.5634328358208955 0.20628511235955055 0.0480410447761194 0.10639044943820225
1 0.5139925373134329 0.16116573033707865 0.07509328358208955 0.16502808988764045
1 0.46583488805970147 0.11464185393258428 0.11730410447761194 0.10849719101123595
1 0.3990205223880597 0.12271769662921349 0.07975746268656717 0.07478932584269662
1 0.3824626865671642 0.1894311797752809 0.049440298507462684 0.17661516853932585
1 0.35249533582089554 0.2108497191011236 0.10377798507462686 0.11551966292134831
1 0.3029384328358209 0.3009129213483146 0.07369402985074627 0.18328651685393257
1 0.48309235074626866 0.5510884831460674 0.11543843283582089 0.06776685393258428
1 0.4670009328358209 0.21436095505617977 0.038479477611940295 0.09304775280898876
1 0.42292444029850745 0.21752106741573032 0.03941231343283582 0.09936797752808989
1 0.5405783582089553 0.2341994382022472 0.06576492537313433 0.09620786516853932
1 0.5861707089552238 0.238061797752809 0.04361007462686567 0.08848314606741572
1 0.5988805970149254 0.4106390449438202 0.0830223880597015 0.06706460674157304
1 0.42082555970149255 0.5319522471910112 0.06599813432835822 0.08707865168539326
1 0.33512126865671643 0.42889747191011235 0.052705223880597014 0.10990168539325842
1 0.378847947761194 0.7220856741573034 0.044542910447761194 0.055126404494382025
1 0.30830223880597013 0.788623595505618 0.03731343283582089 0.11446629213483146
1 0.4123134328358209 0.8716643258426966 0.036380597014925374 0.0488061797752809
1 0.24650186567164178 0.28985252808988765 0.04757462686567164 0.09164325842696629
2 0.5324160447761194 0.6860955056179775 0.02751865671641791 0.04424157303370786
2 0.49090485074626866 0.43433988764044945 0.02332089552238806 0.04424157303370786
2 0.7683069029850746 0.29757724719101125 0.03661380597014925 0.07970505617977527
2 0.5248367537313433 0.8107443820224719 0.028218283582089554 0.061095505617977525