0 0.18831623134328357 0.43504213483146065 0.10657649253731344 0.18328651685393257
1 0.6623134328358209 0.44610252808988765 0.18330223880597016 0.09726123595505617
1 0.6782882462686567 0.7103230337078652 0.13362873134328357 0.09269662921348315
1 0.7676072761194029 0.6076193820224719 0.03894589552238806 0.16748595505617977
1 0.5267024253731343 0.4664676966292135 0.04967350746268657 0.11973314606741572
1 0.4117304104477612 0.42240168539325845 0.10797574626865672 0.11306179775280899
1 0.47562966417910446 0.2872191011235955 0.07952425373134328 0.16502808988764045
1 0.4298041044776119 0.22910814606741572 0.11707089552238806 0.09726123595505617
1 0.36298973880597013 0.30354634831460675 0.04640858208955224 0.08813202247191011
1 0.5401119402985075 0.159936797752809 0.12453358208955224 0.0860252808988764
1 0.6157882462686567 0.2945926966292135 0.05387126865671642 0.22401685393258428
1 0.47353078358208955 0.6504564606741573 0.03754664179104478 0.1190308988764045
1 0.4076492537313433 0.6388693820224719 0.033582089552238806 0.08672752808988764
1 0.5857042910447762 0.647998595505618 0.04874067164179104 0.06566011235955056
1 0.5720615671641791 0.4945575842696629 0.06389925373134328 0.13448033707865167
1 0.6470382462686567 0.4922752808988764 0.08232276119402986 0.037921348314606744
1 0.7322761194029851 0.5235252808988764 0.04757462686567164 0.06741573033707865
1 0.4984841417910448 0.31583567415730335 0.11543843283582089 0.07338483146067416
1 0.5927005597014925 0.35639044943820225 0.07299440298507463 0.056179775280898875
1 0.45790578358208955 0.4220505617977528 0.06506529850746269 0.11165730337078651
2 0.6729244402985075 0.6037570224719101 0.07299440298507463 0.11481741573033707
2 0.6865671641791045 0.5932233146067416 0.10027985074626866 0.06566011235955056
2 0.5537546641791045 0.24104634831460675 0.07206156716417911 0.0761938202247191
2 0.5710121268656716 0.2654494382022472 0.03334888059701493 0.12219101123595505