0 0.18610074626865672 0.5084269662921348 0.12919776119402984 0.20365168539325842
1 0.433535447761194 0.28212780898876405 0.05550373134328358 0.09023876404494383
1 0.6272154850746269 0.4924508426966292 0.03148320895522388 0.03616573033707865
1 0.48763992537313433 0.36464185393258425 0.049440298507462684 0.16959269662921347
1 0.5354477611940298 0.11587078651685394 0.04757462686567164 0.061095505617977525
1 0.11357276119402986 0.6778441011235955 0.033582089552238806 0.055126404494382025
1 0.11100746268656717 0.5962078651685393 0.03451492537313433 0.0351123595505618
1 0.10599347014925373 0.5158005617977528 0.04267723880597015 0.05196629213483146
2 0.7124533582089553 0.7373595505617978 0.048507462686567165 0.04915730337078652
2 0.7814832089552238 0.32127808988764045 0.04057835820895522 0.09620786516853932
2 0.7271455223880597 0.2503511235955056 0.039645522388059705 0.061095505617977525
2 0.7793843283582089 0.23718398876404495 0.036380597014925374 0.07478932584269662
2 0.6318796641791045 0.273876404494382 0.03754664179104478 0.0625
2 0.7322761194029851 0.12429775280898876 0.03544776119402985 0.05337078651685393