0 0.7882462686567164 0.5096558988764045 0.12313432835820895 0.21453651685393257
2 0.23076026119402984 0.45786516853932585 0.024486940298507464 0.04564606741573034
2 0.23787313432835822 0.6023525280898876 0.036380597014925374 0.07478932584269662
2 0.16837686567164178 0.5563553370786517 0.02751865671641791 0.05021067415730337
2 0.3266091417910448 0.26316713483146065 0.03334888059701493 0.07198033707865169
2 0.14295708955223882 0.7877457865168539 0.04151119402985075 0.03686797752808989
2 0.18971548507462688 0.8488412921348315 0.02728544776119403 0.09445224719101124
2 0.17548973880597016 0.8137289325842697 0.05387126865671642 0.08532303370786516
1 0.21909981343283583 0.5351123595505618 0.03754664179104478 0.05056179775280899
1 0.48122667910447764 0.33725421348314605 0.02028917910447761 0.05793539325842697
1 0.47003264925373134 0.24104634831460675 0.044542910447761194 0.0761938202247191