0 0.761893656716418 0.46207865168539325 0.11567164179104478 0.2148876404494382
1 0.396571828358209 0.2482443820224719 0.02681902985074627 0.05407303370786517
1 0.3824626865671642 0.36797752808988765 0.03451492537313433 0.04073033707865169
1 0.47562966417910446 0.2638693820224719 0.09444962686567164 0.10849719101123595
1 0.1166044776119403 0.6206109550561798 0.05970149253731343 0.10217696629213484
2 0.22353078358208955 0.10902387640449439 0.026352611940298507 0.09304775280898876
2 0.2971082089552239 0.12956460674157302 0.05177238805970149 0.042837078651685394
2 0.2306436567164179 0.15326544943820225 0.04057835820895522 0.05933988764044944
2 0.2150186567164179 0.2266502808988764 0.03125 0.047401685393258425
2 0.19869402985074627 0.296875 0.05783582089552239 0.07478932584269662
2 0.2170009328358209 0.37394662921348315 0.03148320895522388 0.04002808988764045
2 0.1806203358208955 0.5702247191011236 0.04361007462686567 0.0625
2 0.20324160447761194 0.5228230337078652 0.026352611940298507 0.04424157303370786
2 0.24440298507462688 0.4784058988764045 0.04757462686567164 0.056530898876404494
2 0.486357276119403 0.5426615168539326 0.03661380597014925 0.06285112359550561
2 0.33115671641791045 0.6190308988764045 0.03031716417910448 0.037921348314606744
2 0.48729011194029853 0.11060393258426966 0.0324160447761194 0.05056179775280899
2 0.5177238805970149 0.152563202247191 0.02845149253731343 0.03686797752808989