0 0.7596781716417911 0.4238061797752809 0.10797574626865672 0.1875
1 0.27821828358208955 0.43802668539325845 0.0480410447761194 0.13588483146067415
1 0.3990205223880597 0.4606741573033708 0.05550373134328358 0.08567415730337079
1 0.3322061567164179 0.5375702247191011 0.05387126865671642 0.1172752808988764
1 0.39972014925373134 0.29406601123595505 0.04197761194029851 0.056530898876404494
1 0.4314365671641791 0.5832162921348315 0.04057835820895522 0.11306179775280899
1 0.314365671641791 0.5212429775280899 0.08815298507462686 0.0839185393258427
1 0.3123833955223881 0.41520365168539325 0.041744402985074626 0.13448033707865167
1 0.3752332089552239 0.441186797752809 0.08022388059701492 0.10990168539325842
1 0.38036380597014924 0.31127106741573035 0.08022388059701492 0.08532303370786516
2 0.18201958955223882 0.3693820224719101 0.060867537313432835 0.054775280898876406
2 0.2712220149253731 0.6144662921348315 0.024253731343283583 0.0351123595505618
2 0.410214552238806 0.7419241573033708 0.036380597014925374 0.11025280898876405
2 0.550722947761194 0.2052317415730337 0.02728544776119403 0.04108146067415731
2 0.5051305970149254 0.20593398876404495 0.029384328358208957 0.03686797752808989
2 0.37371735074626866 0.17082162921348315 0.024486940298507464 0.03967696629213483