0 0.265625 0.4044943820224719 0.12313432835820895 0.20786516853932585
2 0.3119169776119403 0.26474719101123595 0.044542910447761194 0.05337078651685393
2 0.44577891791044777 0.21980337078651685 0.050606343283582086 0.042837078651685394
2 0.45242537313432835 0.16309691011235955 0.06996268656716417 0.05793539325842697
2 0.462919776119403 0.04652387640449438 0.0708955223880597 0.056530898876404494
2 0.261660447761194 0.03195224719101124 0.025186567164179104 0.061095505617977525
2 0.12476679104477612 0.48771067415730335 0.02751865671641791 0.047050561797752806
2 0.11100746268656717 0.5746137640449438 0.022388059701492536 0.03827247191011236
2 0.10342817164179105 0.6450140449438202 0.03754664179104478 0.07162921348314606
2 0.5537546641791045 0.7831811797752809 0.02728544776119403 0.0488061797752809
2 0.6689598880597015 0.8321629213483146 0.026352611940298507 0.042837078651685394
2 0.6217350746268657 0.6021769662921348 0.029384328358208957 0.037921348314606744
2 0.5979477611940298 0.5166783707865169 0.02845149253731343 0.04108146067415731
2 0.6703591417910447 0.4977176966292135 0.03334888059701493 0.0488061797752809
2 0.6921641791044776 0.49912219101123595 0.08115671641791045 0.09164325842696629
2 0.683652052238806 0.32742275280898875 0.04967350746268657 0.10849719101123595
2 0.6826026119402985 0.2770365168539326 0.05177238805970149 0.10533707865168539
2 0.617070895522388 0.38167134831460675 0.02845149253731343 0.03651685393258427