0 0.6673274253731343 0.5050912921348315 0.11263992537313433 0.18785112359550563
1 0.34421641791044777 0.5172050561797753 0.05690298507462686 0.05898876404494382
1 0.4125466417910448 0.6539676966292135 0.12173507462686567 0.08813202247191011
1 0.5025652985074627 0.5902387640449438 0.10354477611940298 0.09269662921348315
2 0.44064832089552236 0.27089185393258425 0.05293843283582089 0.07478932584269662
2 0.3296408582089552 0.41660814606741575 0.02728544776119403 0.05793539325842697
2 0.39598880597014924 0.40133426966292135 0.02845149253731343 0.042837078651685394
2 0.45638992537313433 0.5114115168539326 0.0457089552238806 0.055126404494382025
2 0.5374300373134329 0.6824087078651685 0.04967350746268657 0.08251404494382023
2 0.43306902985074625 0.7640449438202247 0.05363805970149254 0.07162921348314606
2 0.28952891791044777 0.5107092696629213 0.044542910447761194 0.10849719101123595
2 0.23624067164179105 0.5280898876404494 0.04151119402985075 0.07935393258426966
2 0.18050373134328357 0.5463483146067416 0.02751865671641791 0.0702247191011236
2 0.15473414179104478 0.48384831460674155 0.0324160447761194 0.04564606741573034
2 0.35249533582089554 0.19434691011235955 0.044542910447761194 0.06566011235955056
2 0.6668610074626866 0.23876404494382023 0.026352611940298507 0.04143258426966292
2 0.699277052238806 0.15572331460674158 0.0324160447761194 0.08251404494382023