0 0.14400652985074627 0.4281952247191011 0.11403917910447761 0.18785112359550563
2 0.42548973880597013 0.49525983146067415 0.038479477611940295 0.056530898876404494
2 0.369169776119403 0.5091292134831461 0.07602611940298508 0.11446629213483146
2 0.36357276119402987 0.49315308988764045 0.058768656716417914 0.05793539325842697
2 0.47411380597014924 0.4845505617977528 0.03264925373134328 0.06882022471910113
2 0.49300373134328357 0.43802668539325845 0.06389925373134328 0.03686797752808989
2 0.6155550373134329 0.4847261235955056 0.03148320895522388 0.08110955056179775
2 0.6166044776119403 0.5465238764044944 0.02751865671641791 0.03967696629213483
2 0.5720615671641791 0.585498595505618 0.04757462686567164 0.0839185393258427
2 0.5345149253731343 0.4977176966292135 0.08022388059701492 0.06425561797752809
2 0.6714085820895522 0.7740519662921348 0.01912313432835821 0.021418539325842697
2 0.7195662313432836 0.7259480337078652 0.024486940298507464 0.02914325842696629
2 0.7251632462686567 0.590063202247191 0.05153917910447761 0.05933988764044944
2 0.7135027985074627 0.5930477528089888 0.07112873134328358 0.04143258426966292
2 0.3498134328358209 0.20049157303370788 0.06996268656716417 0.09620786516853932