0 0.7010261194029851 0.36832865168539325 0.14412313432835822 0.2169943820224719
1 0.5348647388059702 0.4357443820224719 0.1201026119402985 0.09480337078651685
1 0.21361940298507462 0.39518960674157305 0.1142723880597015 0.10849719101123595
1 0.19111473880597016 0.444873595505618 0.06599813432835822 0.2127808988764045
1 0.29395988805970147 0.46734550561797755 0.07952425373134328 0.1446629213483146
1 0.2855643656716418 0.6313202247191011 0.09305037313432836 0.13342696629213482
1 0.42082555970149255 0.14378511235955055 0.09025186567164178 0.1267556179775281
1 0.21805037313432835 0.29231039325842695 0.05970149253731343 0.09304775280898876
1 0.25711287313432835 0.1602879213483146 0.038479477611940295 0.10990168539325842
1 0.24696828358208955 0.17837078651685392 0.05690298507462686 0.0702247191011236
1 0.37371735074626866 0.2601825842696629 0.028218283582089554 0.056179775280898875
1 0.43656716417910446 0.2189255617977528 0.0830223880597015 0.0839185393258427
1 0.4574393656716418 0.09673455056179775 0.06786380597014925 0.0839185393258427
1 0.5557369402985075 0.5663623595505618 0.08022388059701492 0.09480337078651685
1 0.5887360074626866 0.3433988764044944 0.044542910447761194 0.09129213483146068
2 0.1556669776119403 0.6618679775280899 0.07905783582089553 0.12078651685393259
2 0.3295242537313433 0.37780898876404495 0.02332089552238806 0.04424157303370786
2 0.2566464552238806 0.09304775280898876 0.02728544776119403 0.033707865168539325
2 0.27845149253731344 0.14799859550561797 0.018190298507462687 0.033356741573033706
2 0.17688899253731344 0.2808988764044944 0.026352611940298507 0.05196629213483146
2 0.2575792910447761 0.9115168539325843 0.03754664179104478 0.04564606741573034
2 0.20335820895522388 0.90625 0.03264925373134328 0.04424157303370786