0 0.162080223880597 0.492626404494382 0.14412313432835822 0.1853932584269663
1 0.43656716417910446 0.4978932584269663 0.10354477611940298 0.13342696629213482
1 0.4974347014925373 0.6132373595505618 0.0480410447761194 0.11973314606741572
1 0.5536380597014925 0.5805828651685393 0.14878731343283583 0.06776685393258428
1 0.6001632462686567 0.5805828651685393 0.05853544776119403 0.14009831460674158
1 0.6519356343283582 0.48771067415730335 0.05107276119402985 0.06320224719101124
1 0.5612173507462687 0.4573384831460674 0.07346082089552239 0.07900280898876405
1 0.609258395522388 0.3340941011235955 0.07672574626865672 0.11271067415730338
1 0.3592583955223881 0.5760182584269663 0.078125 0.09023876404494383
1 0.4597714552238806 0.754564606741573 0.05107276119402985 0.06320224719101124
1 0.5496735074626866 0.8037219101123596 0.03544776119402985 0.07162921348314606
1 0.5953824626865671 0.7015449438202247 0.06389925373134328 0.06882022471910113
1 0.3605410447761194 0.4373244382022472 0.0732276119402985 0.06285112359550561
1 0.40520055970149255 0.3862359550561798 0.044542910447761194 0.07935393258426966
1 0.31541511194029853 0.39764747191011235 0.06180037313432836 0.047401685393258425
1 0.3128498134328358 0.4647120786516854 0.06693097014925373 0.047401685393258425
1 0.3894589552238806 0.21049859550561797 0.05783582089552239 0.045997191011235956
1 0.5764925373134329 0.36007724719101125 0.06902985074626866 0.05793539325842697
1 0.5218050373134329 0.444873595505618 0.05900186567164179 0.05056179775280899
2 0.5151585820895522 0.9167837078651685 0.03544776119402985 0.0625
2 0.3240438432835821 0.8175912921348315 0.0324160447761194 0.08110955056179775
2 0.3802472014925373 0.8809691011235955 0.08418843283582089 0.054775280898876406
2 0.45790578358208955 0.29213483146067415 0.026352611940298507 0.0351123595505618
2 0.6638292910447762 0.0976123595505618 0.024486940298507464 0.03651685393258427
2 0.6399253731343284 0.13342696629213482 0.029384328358208957 0.04424157303370786
2 0.7611940298507462 0.7549157303370787 0.024253731343283583 0.05056179775280899
2 0.7413712686567164 0.8944873595505618 0.02332089552238806 0.030547752808988762