0 0.749883395522388 0.4801615168539326 0.12476679104477612 0.25105337078651685
2 0.5517723880597015 0.6938202247191011 0.1226679104477612 0.1327247191011236
2 0.7651585820895522 0.7175210674157303 0.07509328358208955 0.1464185393258427
2 0.504081156716418 0.7854634831460674 0.08232276119402986 0.05337078651685393
2 0.5111940298507462 0.6976825842696629 0.19169776119402984 0.06390449438202248
2 0.41126399253731344 0.10674157303370786 0.044542910447761194 0.04564606741573034
2 0.38899253731343286 0.14957865168539325 0.07695895522388059 0.03651685393258427
2 0.515625 0.15712780898876405 0.09328358208955224 0.0761938202247191
2 0.6218516791044776 0.39343398876404495 0.06879664179104478 0.11762640449438203
2 0.6953125 0.12025983146067416 0.03101679104477612 0.1035814606741573
2 0.6830690298507462 0.08233848314606741 0.05363805970149254 0.07057584269662921
2 0.6612639925373134 0.044417134831460675 0.07206156716417911 0.05793539325842697
2 0.5447761194029851 0.10902387640449439 0.05363805970149254 0.07830056179775281
2 0.4709654850746269 0.046348314606741575 0.052005597014925374 0.05688202247191011