0 0.20335820895522388 0.4022120786516854 0.12779850746268656 0.21242977528089887
1 0.5483908582089553 0.5737359550561798 0.05387126865671642 0.13553370786516855
1 0.45755597014925375 0.4866573033707865 0.05550373134328358 0.13764044943820225
1 0.4710820895522388 0.37587780898876405 0.07042910447761194 0.16959269662921347
1 0.47178171641791045 0.203125 0.06296641791044776 0.18082865168539325
1 0.5108442164179104 0.19171348314606743 0.1322294776119403 0.12640449438202248
1 0.6175373134328358 0.2594803370786517 0.06296641791044776 0.09480337078651685
1 0.6475046641791045 0.3081109550561798 0.06599813432835822 0.06074438202247191
1 0.6182369402985075 0.5498595505617978 0.061567164179104475 0.24648876404494383
1 0.7353078358208955 0.4766502808988764 0.06763059701492537 0.10849719101123595
1 0.7253964552238806 0.75 0.05387126865671642 0.08567415730337079
1 0.8037546641791045 0.6936446629213483 0.04500932835820896 0.0860252808988764
1 0.49137126865671643 0.5228230337078652 0.05690298507462686 0.05196629213483146
1 0.49953358208955223 0.38939606741573035 0.13059701492537312 0.0702247191011236
1 0.765741604477612 0.21049859550561797 0.06599813432835822 0.08251404494382023
1 0.6794542910447762 0.36797752808988765 0.021222014925373133 0.0702247191011236
1 0.6267490671641791 0.47384129213483145 0.06180037313432836 0.0839185393258427
1 0.7377565298507462 0.5426615168539326 0.07299440298507463 0.13588483146067415
1 0.687616604477612 0.5693469101123596 0.03148320895522388 0.06706460674157304
1 0.5699626865671642 0.6395716292134831 0.03125 0.05793539325842697
1 0.4984841417910448 0.31583567415730335 0.050606343283582086 0.0761938202247191
1 0.5785914179104478 0.38606039325842695 0.03031716417910448 0.055126404494382025
1 0.5457089552238806 0.4594452247191011 0.0457089552238806 0.07338483146067416
2 0.8036380597014925 0.5335323033707865 0.04057835820895522 0.056530898876404494
2 0.7230643656716418 0.22735252808988765 0.03334888059701493 0.055126404494382025