0 0.21840018656716417 0.5310744382022472 0.12756529850746268 0.19417134831460675
1 0.6076259328358209 0.6007724719101124 0.05853544776119403 0.09058988764044944
1 0.5852378731343284 0.7884480337078652 0.07066231343283583 0.14009831460674158
1 0.4942863805970149 0.867626404494382 0.10797574626865672 0.10393258426966293
1 0.761660447761194 0.5307233146067416 0.09001865671641791 0.14922752808988765
1 0.14913712686567165 0.7663272471910112 0.05387126865671642 0.09796348314606741
1 0.25 0.8900983146067416 0.02658582089552239 0.07935393258426966
1 0.6385261194029851 0.8916783707865169 0.08722014925373134 0.08251404494382023
1 0.6166044776119403 0.824438202247191 0.07182835820895522 0.054775280898876406
1 0.7277285447761194 0.8686797752808989 0.050606343283582086 0.07935393258426966
1 0.7804337686567164 0.7357794943820225 0.034281716417910446 0.05793539325842697
1 0.8143656716417911 0.5991924157303371 0.06576492537313433 0.056530898876404494
1 0.7089552238805971 0.40677668539325845 0.05783582089552239 0.03827247191011236
1 0.550606343283582 0.2601825842696629 0.02332089552238806 0.11165730337078651
1 0.5278684701492538 0.29213483146067415 0.06506529850746269 0.04424157303370786
1 0.7204990671641791 0.20365168539325842 0.06693097014925373 0.07162921348314606
1 0.7206156716417911 0.26860955056179775 0.024253731343283583 0.05828651685393258
1 0.6729244402985075 0.45031601123595505 0.0324160447761194 0.03967696629213483
1 0.6267490671641791 0.5862008426966292 0.09444962686567164 0.0761938202247191
2 0.5309001865671642 0.2540379213483146 0.03661380597014925 0.06285112359550561
2 0.652168843283582 0.5112359550561798 0.03148320895522388 0.042837078651685394
2 0.7098880597014925 0.48683286516853935 0.02751865671641791 0.05793539325842697
2 0.40263526119402987 0.4434691011235955 0.02728544776119403 0.04143258426966292