0 0.7159514925373134 0.6012991573033708 0.13805970149253732 0.18995786516853932
1 0.582206156716418 0.597436797752809 0.10657649253731344 0.14220505617977527
1 0.5972481343283582 0.7568469101123596 0.10074626865671642 0.16257022471910113
1 0.45615671641791045 0.9410112359550562 0.10354477611940298 0.08356741573033707
1 0.36298973880597013 0.8302317415730337 0.07066231343283583 0.09726123595505617
1 0.21735074626865672 0.8291783707865169 0.12173507462686567 0.10428370786516854
1 0.23157649253731344 0.8653441011235955 0.08722014925373134 0.11762640449438203
1 0.30515391791044777 0.9455758426966292 0.059934701492537316 0.08356741573033707
1 0.22329757462686567 0.35445926966292135 0.04361007462686567 0.10849719101123595
1 0.34421641791044777 0.35445926966292135 0.15904850746268656 0.13588483146067415
1 0.365205223880597 0.23683286516853932 0.13199626865671643 0.11762640449438203
1 0.420009328358209 0.21190308988764045 0.09468283582089553 0.14922752808988765
1 0.5385960820895522 0.25280898876404495 0.07952425373134328 0.08146067415730338
1 0.43271921641791045 0.1678370786516854 0.1201026119402985 0.10182584269662921
1 0.3591417910447761 0.29985955056179775 0.06902985074626866 0.22612359550561797
1 0.2433535447761194 0.40747893258426965 0.07206156716417911 0.08251404494382023
1 0.15415111940298507 0.2770365168539326 0.05177238805970149 0.10252808988764045
1 0.15321828358208955 0.4295997191011236 0.06996268656716417 0.056530898876404494
1 0.40718283582089554 0.34866573033707865 0.0853544776119403 0.07162921348314606
2 0.45382462686567165 0.675561797752809 0.04057835820895522 0.059691011235955056
2 0.42292444029850745 0.7266502808988764 0.02728544776119403 0.042485955056179775
2 0.17199160447761194 0.639747191011236 0.026352611940298507 0.042837078651685394
2 0.17047574626865672 0.5524929775280899 0.02332089552238806 0.09164325842696629
2 0.11508861940298508 0.5570575842696629 0.04874067164179104 0.08251404494382023
2 0.2864972014925373 0.7250702247191011 0.05293843283582089 0.0976123595505618