0 0.7280783582089553 0.47120786516853935 0.12313432835820895 0.20997191011235955
1 0.27821828358208955 0.8121488764044944 0.03311567164179104 0.05196629213483146
1 0.34130130597014924 0.7861657303370787 0.078125 0.08146067415730338
1 0.3824626865671642 0.6469452247191011 0.03451492537313433 0.056530898876404494
1 0.5369636194029851 0.24174859550561797 0.07719216417910447 0.07478932584269662
1 0.3128498134328358 0.33058286516853935 0.044542910447761194 0.06566011235955056
1 0.337803171641791 0.4122191011235955 0.03754664179104478 0.07935393258426966
1 0.45020988805970147 0.6142907303370787 0.03754664179104478 0.06566011235955056
1 0.3970382462686567 0.7061095505617978 0.044542910447761194 0.06882022471910113
1 0.2809001865671642 0.6892556179775281 0.041744402985074626 0.0351123595505618
1 0.35086287313432835 0.7289325842696629 0.04967350746268657 0.04143258426966292
1 0.36613805970149255 0.8739466292134831 0.04151119402985075 0.07794943820224719
1 0.6262826492537313 0.15870786516853932 0.04874067164179104 0.061095505617977525
1 0.8382695895522388 0.5342345505617978 0.038479477611940295 0.09445224719101124
2 0.1845848880597015 0.3121488764044944 0.041744402985074626 0.08707865168539326