0 0.6830690298507462 0.5129915730337079 0.12033582089552239 0.20786516853932585
2 0.4300373134328358 0.5754915730337079 0.033582089552238806 0.04002808988764045
2 0.4036847014925373 0.6334269662921348 0.04151119402985075 0.05196629213483146
2 0.4183768656716418 0.770189606741573 0.0648320895522388 0.09023876404494383
2 0.474580223880597 0.7457865168539326 0.039645522388059705 0.04424157303370786
2 0.5095615671641791 0.7916081460674157 0.04664179104477612 0.03827247191011236
2 0.33873600746268656 0.26702949438202245 0.05153917910447761 0.051615168539325844
2 0.6880830223880597 0.09146769662921349 0.056669776119402986 0.1035814606741573
2 0.7368236940298507 0.12728230337078653 0.03055037313432836 0.056530898876404494
2 0.7763526119402985 0.20435393258426968 0.036380597014925374 0.0976123595505618
2 0.7941930970149254 0.7366573033707865 0.04967350746268657 0.07162921348314606
2 0.17444029850746268 0.7663272471910112 0.08022388059701492 0.08251404494382023
2 0.208955223880597 0.8686797752808989 0.0457089552238806 0.0702247191011236
2 0.17035914179104478 0.8328651685393258 0.06786380597014925 0.028792134831460675
2 0.17548973880597016 0.8586727528089888 0.059934701492537316 0.020014044943820225
2 0.18108675373134328 0.8495435393258427 0.038479477611940295 0.08110955056179775
2 0.449277052238806 0.1876755617977528 0.10237873134328358 0.055126404494382025
2 0.31949626865671643 0.05547752808988764 0.11054104477611941 0.04424157303370786
2 0.18761660447761194 0.16713483146067415 0.06599813432835822 0.04424157303370786
2 0.6393423507462687 0.9410112359550562 0.044542910447761194 0.059691011235955056
2 0.4675839552238806 0.9755969101123596 0.14692164179104478 0.051615168539325844
2 0.28393190298507465 0.9092345505617978 0.059934701492537316 0.06566011235955056
2 0.26923973880597013 0.9403089887640449 0.10750932835820895 0.05196629213483146
2 0.2824160447761194 0.9701544943820225 0.0830223880597015 0.05337078651685393
2 0.5826725746268657 0.5481039325842697 0.024486940298507464 0.03651685393258427
2 0.7662080223880597 0.46400983146067415 0.024486940298507464 0.045997191011235956
1 0.2813666044776119 0.5258075842696629 0.044542910447761194 0.05933988764044944
1 0.332089552238806 0.7243679775280899 0.04664179104477612 0.07162921348314606