0 0.1808535447761194 0.5962078651685393 0.10657649253731344 0.19452247191011235
1 0.38409514925373134 0.5533707865168539 0.061567164179104475 0.10393258426966293
1 0.5109608208955224 0.45839185393258425 0.04197761194029851 0.07689606741573034
1 0.5710121268656716 0.5043890449438202 0.06599813432835822 0.16959269662921347
1 0.5257695895522388 0.6371137640449438 0.05387126865671642 0.10849719101123595
1 0.5394123134328358 0.7601825842696629 0.06623134328358209 0.10603932584269662
1 0.6428404850746269 0.6390449438202247 0.05387126865671642 0.08146067415730338
1 0.5064132462686567 0.886938202247191 0.15321828358208955 0.08356741573033707
1 0.6480876865671642 0.4899929775280899 0.09841417910447761 0.1618679775280899
1 0.5770755597014925 0.6448384831460674 0.09818097014925373 0.14501404494382023
1 0.5988805970149254 0.7740519662921348 0.05690298507462686 0.12816011235955055
1 0.6571828358208955 0.7679073033707865 0.06576492537313433 0.09129213483146068
1 0.6663945895522388 0.6334269662921348 0.10237873134328358 0.13132022471910113
1 0.5045475746268657 0.5372191011235955 0.07299440298507463 0.09480337078651685
1 0.2712220149253731 0.43047752808988765 0.09934701492537314 0.061095505617977525
1 0.30363805970149255 0.3846558988764045 0.04664179104477612 0.09164325842696629
1 0.279384328358209 0.40677668539325845 0.04477611940298507 0.07198033707865169
1 0.6303638059701493 0.1990870786516854 0.058768656716417914 0.059691011235955056
1 0.5993470149253731 0.3402387640449438 0.05363805970149254 0.08848314606741572
1 0.5222714552238806 0.8312851123595506 0.07999067164179105 0.14220505617977527
1 0.4300373134328358 0.8732443820224719 0.05970149253731343 0.09480337078651685
1 0.37581623134328357 0.829002808988764 0.060867537313432835 0.08848314606741572
1 0.3214785447761194 0.7236657303370787 0.04967350746268657 0.054775280898876406
2 0.3260261194029851 0.5503862359550562 0.0853544776119403 0.04108146067415731
2 0.2642257462686567 0.5907654494382022 0.058768656716417914 0.0488061797752809
2 0.2824160447761194 0.675561797752809 0.07695895522388059 0.10252808988764045
2 0.29209421641791045 0.8251404494382022 0.05153917910447761 0.05056179775280899
2 0.3594916044776119 0.761060393258427 0.07719216417910447 0.08110955056179775
2 0.5734608208955224 0.273876404494382 0.06902985074626866 0.05337078651685393
2 0.2216651119402985 0.10287921348314606 0.07299440298507463 0.0625
2 0.25303171641791045 0.07162921348314606 0.03264925373134328 0.125
2 0.2392723880597015 0.08462078651685394 0.05783582089552239 0.09339887640449439
2 0.23425839552238806 0.183813202247191 0.01935634328358209 0.04459269662921348
2 0.2392723880597015 0.23964185393258428 0.03544776119402985 0.0761938202247191
2 0.24743470149253732 0.24719101123595505 0.05177238805970149 0.061095505617977525