0 0.730293843283582 0.6034058988764045 0.11263992537313433 0.1990870786516854
1 0.39155783582089554 0.7308637640449438 0.02845149253731343 0.11973314606741572
1 0.3570429104477612 0.6924157303370787 0.08861940298507463 0.1151685393258427
1 0.29384328358208955 0.6302668539325843 0.1515858208955224 0.1172752808988764
1 0.2983908582089552 0.5602176966292135 0.04967350746268657 0.09023876404494383
1 0.40286847014925375 0.5161516853932584 0.05107276119402985 0.07443820224719101
1 0.49731809701492535 0.45628511235955055 0.078125 0.07689606741573034
1 0.3966884328358209 0.773876404494382 0.06902985074626866 0.1151685393258427
1 0.34794776119402987 0.8053019662921348 0.11054104477611941 0.08672752808988764
1 0.37581623134328357 0.8855337078651685 0.1298973880597015 0.11306179775280899
1 0.17397388059701493 0.6527387640449438 0.08722014925373134 0.15730337078651685
1 0.3376865671641791 0.3539325842696629 0.07602611940298508 0.12219101123595505
1 0.30981809701492535 0.5572331460674157 0.07112873134328358 0.09480337078651685
1 0.37826492537313433 0.5549508426966292 0.10634328358208955 0.07478932584269662
2 0.44018190298507465 0.23191713483146068 0.06786380597014925 0.06425561797752809
2 0.6515858208955224 0.5800561797752809 0.05083955223880597 0.033707865168539325
2 0.6262826492537313 0.6158707865168539 0.10144589552238806 0.04424157303370786
2 0.6434235074626866 0.6685393258426966 0.058768656716417914 0.061095505617977525
2 0.5101445895522388 0.8060042134831461 0.09025186567164178 0.03967696629213483
2 0.5598180970149254 0.823560393258427 0.09025186567164178 0.056530898876404494
2 0.5137593283582089 0.8534058988764045 0.07509328358208955 0.06425561797752809
2 0.5167910447761194 0.9060744382022472 0.09934701492537314 0.047401685393258425
2 0.48880597014925375 0.9473314606741573 0.08208955223880597 0.032303370786516857
2 0.5988805970149254 0.761060393258427 0.03451492537313433 0.04108146067415731