0 0.19741138059701493 0.5038623595505618 0.10657649253731344 0.19452247191011235
1 0.38549440298507465 0.5668890449438202 0.061567164179104475 0.07689606741573034
2 0.5826725746268657 0.6235955056179775 0.0324160447761194 0.05337078651685393
2 0.6115904850746269 0.6028792134831461 0.04967350746268657 0.07935393258426966
2 0.6653451492537313 0.7938904494382022 0.039645522388059705 0.06390449438202248
2 0.6682602611940298 0.7097963483146067 0.04361007462686567 0.06425561797752809
2 0.49288712686567165 0.38606039325842695 0.05760261194029851 0.06425561797752809
2 0.4118470149253731 0.3807935393258427 0.03544776119402985 0.06566011235955056
2 0.21805037313432835 0.7061095505617978 0.039645522388059705 0.0625
2 0.11357276119402986 0.5114115168539326 0.039645522388059705 0.055126404494382025
2 0.09829757462686567 0.45031601123595505 0.03148320895522388 0.06706460674157304
2 0.820429104477612 0.4220505617977528 0.03544776119402985 0.059691011235955056