0 0.22877798507462688 0.4859550561797753 0.11567164179104478 0.16292134831460675
1 0.2158348880597015 0.7942415730337079 0.07346082089552239 0.08356741573033707
1 0.29244402985074625 0.8268960674157303 0.04057835820895522 0.06811797752808989
1 0.316464552238806 0.9410112359550562 0.07369402985074627 0.1151685393258427
1 0.5064132462686567 0.9027387640449438 0.10797574626865672 0.09269662921348315
1 0.6106576492537313 0.7917837078651685 0.11263992537313433 0.1425561797752809
1 0.7181669776119403 0.7612359550561798 0.09305037313432836 0.2169943820224719
1 0.546991604477612 0.543188202247191 0.1261660447761194 0.17837078651685392
1 0.5566697761194029 0.5714536516853933 0.10960820895522388 0.11762640449438203
1 0.5942164179104478 0.3081109550561798 0.08255597014925373 0.16959269662921347
1 0.703008395522388 0.2831811797752809 0.05387126865671642 0.11973314606741572
1 0.6586986940298507 0.4708567415730337 0.04361007462686567 0.10603932584269662
1 0.7173507462686567 0.6009480337078652 0.04337686567164179 0.07689606741573034
1 0.42525652985074625 0.1894311797752809 0.06319962686567164 0.09515449438202248
1 0.5657649253731343 0.08093398876404495 0.10960820895522388 0.06776685393258428
1 0.5229710820895522 0.3182935393258427 0.030083955223880597 0.04950842696629214
1 0.19717817164179105 0.20435393258426968 0.04874067164179104 0.16502808988764045
1 0.14913712686567165 0.2127808988764045 0.03148320895522388 0.10533707865168539
1 0.4447294776119403 0.8488412921348315 0.07929104477611941 0.10990168539325842
1 0.44776119402985076 0.7975772471910112 0.052705223880597014 0.10217696629213484
1 0.5476912313432836 0.8328651685393258 0.09444962686567164 0.08707865168539326
1 0.6243003731343284 0.9450491573033708 0.02845149253731343 0.07338483146067416
1 0.6414412313432836 0.9252106741573034 0.06273320895522388 0.03651685393258427
1 0.5527052238805971 0.7045294943820225 0.08022388059701492 0.07198033707865169
1 0.6343283582089553 0.6625702247191011 0.02845149253731343 0.04564606741573034
1 0.6789878731343284 0.5373946629213483 0.08512126865671642 0.08251404494382023
1 0.6916977611940298 0.45400280898876405 0.11054104477611941 0.06882022471910113
1 0.691231343283582 0.3732443820224719 0.04057835820895522 0.07162921348314606
1 0.5745102611940298 0.45172050561797755 0.056669776119402986 0.1190308988764045
1 0.5928171641791045 0.3883426966292135 0.052705223880597014 0.1327247191011236
1 0.4939365671641791 0.238061797752809 0.04757462686567164 0.0702247191011236
1 0.6201026119402985 0.34497893258426965 0.07509328358208955 0.08251404494382023
2 0.6075093283582089 0.21980337078651685 0.033582089552238806 0.04564606741573034
2 0.7109375 0.21207865168539325 0.03148320895522388 0.04002808988764045
2 0.7433535447761194 0.4044943820224719 0.04361007462686567 0.05828651685393258
2 0.7936100746268657 0.7319171348314607 0.05083955223880597 0.06566011235955056
2 0.7554804104477612 0.639747191011236 0.04361007462686567 0.061095505617977525
2 0.6633628731343284 0.3555126404494382 0.025419776119402986 0.06425561797752809