0 0.22877798507462688 0.5366924157303371 0.13059701492537312 0.2011938202247191
1 0.5461753731343284 0.4515449438202247 0.11847014925373134 0.13553370786516855
2 0.49288712686567165 0.12429775280898876 0.08232276119402986 0.07162921348314606
2 0.4944029850746269 0.19768258426966293 0.06296641791044776 0.07794943820224719
2 0.5705457089552238 0.18837780898876405 0.09118470149253731 0.09304775280898876
2 0.6146222014925373 0.13728932584269662 0.10237873134328358 0.12851123595505617
2 0.6065764925373134 0.2731741573033708 0.05177238805970149 0.06741573033707865
2 0.4183768656716418 0.7143609550561798 0.0830223880597015 0.055126404494382025
2 0.4041511194029851 0.766502808988764 0.06716417910447761 0.042837078651685394
2 0.7206156716417911 0.7487710674157303 0.0648320895522388 0.09304775280898876
2 0.7170009328358209 0.793188202247191 0.06180037313432836 0.1818820224719101
2 0.6997434701492538 0.4533005617977528 0.04361007462686567 0.06390449438202248
2 0.7662080223880597 0.3493679775280899 0.07112873134328358 0.12219101123595505
2 0.7600279850746269 0.22138342696629212 0.04664179104477612 0.10077247191011236
2 0.4041511194029851 0.5259831460674157 0.05083955223880597 0.02598314606741573
2 0.3996035447761194 0.49912219101123595 0.04967350746268657 0.018609550561797753
2 0.3752332089552239 0.47331460674157305 0.021455223880597014 0.027387640449438203
2 0.5329990671641791 0.8144311797752809 0.07112873134328358 0.11762640449438203