0 0.234 0.4110243055555556 0.10533333333333333 0.17447916666666666
1 0.5676666666666667 0.7018229166666666 0.07533333333333334 0.0842013888888889
1 0.6286666666666667 0.6540798611111112 0.08266666666666667 0.0859375
1 0.6853333333333333 0.5065104166666666 0.058666666666666666 0.0876736111111111
1 0.657 0.4157986111111111 0.11 0.09027777777777778
1 0.6353333333333333 0.2934027777777778 0.12933333333333333 0.1388888888888889
1 0.645 0.2144097222222222 0.062 0.1909722222222222
1 0.38133333333333336 0.12065972222222222 0.084 0.09027777777777778
1 0.341 0.5577256944444444 0.066 0.0998263888888889
1 0.326 0.3767361111111111 0.06666666666666667 0.1840277777777778
1 0.3576666666666667 0.6341145833333334 0.04733333333333333 0.0546875
1 0.48633333333333334 0.7122395833333334 0.048666666666666664 0.06510416666666667
1 0.20033333333333334 0.15147569444444445 0.056666666666666664 0.04774305555555555
1 0.438 0.06510416666666667 0.05733333333333333 0.05381944444444445
1 0.587 0.2378472222222222 0.05 0.057291666666666664
1 0.559 0.09288194444444445 0.05266666666666667 0.04861111111111111
1 0.391 0.5434027777777778 0.027333333333333334 0.04513888888888889
1 0.462 0.7035590277777778 0.09333333333333334 0.08246527777777778
1 0.37733333333333335 0.6219618055555556 0.064 0.04600694444444445
1 0.6843333333333333 0.4509548611111111 0.05533333333333333 0.12413194444444445
1 0.652 0.359375 0.09866666666666667 0.10243055555555555
1 0.623 0.12630208333333334 0.059333333333333335 0.05295138888888889
1 0.26866666666666666 0.1284722222222222 0.068 0.08333333333333333
2 0.7946666666666666 0.4249131944444444 0.03333333333333333 0.058159722222222224
2 0.729 0.1332465277777778 0.03133333333333333 0.035590277777777776
2 0.4876666666666667 0.23307291666666666 0.086 0.04774305555555555
2 0.485 0.2838541666666667 0.056666666666666664 0.04861111111111111
2 0.04466666666666667 0.4605034722222222 0.03866666666666667 0.058159722222222224
2 0.5036666666666667 0.4700520833333333 0.05 0.035590277777777776
2 0.551 0.4275173611111111 0.102 0.1032986111111111
2 0.553 0.4635416666666667 0.05266666666666667 0.1388888888888889
2 0.24566666666666667 0.21354166666666666 0.034 0.052083333333333336
2 0.5173333333333333 0.10894097222222222 0.034666666666666665 0.04774305555555555
2 0.5773333333333334 0.07074652777777778 0.03866666666666667 0.026909722222222224
2 0.19666666666666666 0.1931423611111111 0.029333333333333333 0.04079861111111111
2 0.20766666666666667 0.10112847222222222 0.043333333333333335 0.04774305555555555