0 0.6863333333333334 0.4774305555555556 0.12466666666666666 0.16666666666666666
1 0.2853333333333333 0.4674479166666667 0.12 0.1189236111111111
1 0.181 0.6041666666666666 0.18733333333333332 0.0798611111111111
1 0.131 0.4926215277777778 0.078 0.1154513888888889
1 0.4063333333333333 0.5342881944444444 0.086 0.0842013888888889
1 0.547 0.2986111111111111 0.06866666666666667 0.06770833333333333
1 0.932 0.4544270833333333 0.06 0.04600694444444445
2 0.38366666666666666 0.13671875 0.098 0.0685763888888889
2 0.4726666666666667 0.2439236111111111 0.021333333333333333 0.034722222222222224
2 0.4786666666666667 0.4973958333333333 0.052 0.046875
2 0.5256666666666666 0.8823784722222222 0.07533333333333334 0.08246527777777778