0 0.23466666666666666 0.5225694444444444 0.124 0.1701388888888889
1 0.47833333333333333 0.5125868055555556 0.086 0.0720486111111111
1 0.30966666666666665 0.4752604166666667 0.03266666666666666 0.15711805555555555
1 0.33166666666666667 0.53515625 0.07 0.049479166666666664
1 0.366 0.3810763888888889 0.13333333333333333 0.041666666666666664
2 0.302 0.11371527777777778 0.048 0.08333333333333333
2 0.5173333333333333 0.07942708333333333 0.09733333333333333 0.1015625
2 0.724 0.5846354166666666 0.05333333333333334 0.05295138888888889
2 0.638 0.5811631944444444 0.03866666666666667 0.04079861111111111
2 0.351 0.4578993055555556 0.06466666666666666 0.09809027777777778
2 0.135 0.7799479166666666 0.03266666666666666 0.07378472222222222
2 0.37 0.59765625 0.036 0.03732638888888889
2 0.8026666666666666 0.6440972222222222 0.042666666666666665 0.04513888888888889