0 0.7156666666666667 0.5008680555555556 0.12333333333333334 0.1701388888888889
2 0.25133333333333335 0.7065972222222222 0.048 0.06944444444444445
2 0.45666666666666667 0.7586805555555556 0.06666666666666667 0.06076388888888889
2 0.5236666666666666 0.7586805555555556 0.08733333333333333 0.04513888888888889
2 0.6366666666666667 0.8806423611111112 0.04133333333333333 0.05295138888888889
2 0.8963333333333333 0.7078993055555556 0.035333333333333335 0.05642361111111111
2 0.48733333333333334 0.54296875 0.068 0.04079861111111111
2 0.13133333333333333 0.5885416666666666 0.03866666666666667 0.036458333333333336
2 0.271 0.4266493055555556 0.03266666666666666 0.051215277777777776
2 0.561 0.3997395833333333 0.04066666666666666 0.03732638888888889
2 0.5346666666666666 0.5750868055555556 0.024 0.05295138888888889
2 0.6103333333333333 0.58984375 0.046 0.06336805555555555
2 0.20466666666666666 0.4995659722222222 0.056 0.06684027777777778
2 0.345 0.7760416666666666 0.06733333333333333 0.050347222222222224
2 0.3963333333333333 0.6948784722222222 0.043333333333333335 0.08072916666666667
2 0.4523333333333333 0.6657986111111112 0.05266666666666667 0.06770833333333333