0 0.20666666666666667 0.4500868055555556 0.10533333333333333 0.15885416666666666
1 0.455 0.7122395833333334 0.042 0.05295138888888889
1 0.38666666666666666 0.3029513888888889 0.08533333333333333 0.0763888888888889
1 0.4683333333333333 0.6124131944444444 0.038 0.08246527777777778
1 0.437 0.4661458333333333 0.042 0.03819444444444445
1 0.4226666666666667 0.3923611111111111 0.044 0.06944444444444445
1 0.69 0.4952256944444444 0.032 0.035590277777777776
2 0.376 0.3932291666666667 0.06 0.050347222222222224
2 0.6796666666666666 0.30859375 0.048666666666666664 0.06684027777777778
2 0.612 0.2712673611111111 0.024 0.04079861111111111
2 0.7396666666666667 0.3767361111111111 0.03266666666666666 0.03819444444444445
2 0.759 0.5959201388888888 0.06866666666666667 0.0546875
2 0.553 0.7547743055555556 0.028666666666666667 0.06336805555555555
2 0.5856666666666667 0.7756076388888888 0.06066666666666667 0.08072916666666667
2 0.45666666666666667 0.7599826388888888 0.09066666666666667 0.051215277777777776
2 0.5103333333333333 0.9240451388888888 0.04466666666666667 0.03732638888888889
2 0.23066666666666666 0.7686631944444444 0.050666666666666665 0.051215277777777776
2 0.229 0.82421875 0.059333333333333335 0.044270833333333336
2 0.2853333333333333 0.8845486111111112 0.04666666666666667 0.050347222222222224
2 0.7053333333333334 0.6393229166666666 0.02 0.025173611111111112
2 0.62 0.5473090277777778 0.06133333333333333 0.058159722222222224
2 0.7583333333333333 0.6714409722222222 0.042 0.05295138888888889
2 0.44266666666666665 0.8289930555555556 0.04666666666666667 0.05555555555555555