0 0.25466666666666665 0.4704861111111111 0.12 0.15625
1 0.44666666666666666 0.6024305555555556 0.10666666666666667 0.0763888888888889
1 0.416 0.7109375 0.07466666666666667 0.06597222222222222
1 0.5526666666666666 0.7634548611111112 0.084 0.1293402777777778
1 0.5653333333333334 0.6297743055555556 0.084 0.12760416666666666
1 0.6736666666666666 0.6397569444444444 0.05266666666666667 0.1232638888888889
1 0.7193333333333334 0.6532118055555556 0.03866666666666667 0.09635416666666667
1 0.6076666666666667 0.8758680555555556 0.08866666666666667 0.0763888888888889
1 0.5736666666666667 0.7881944444444444 0.126 0.06076388888888889
1 0.6253333333333333 0.8428819444444444 0.04933333333333333 0.13541666666666666
1 0.6593333333333333 0.7899305555555556 0.10266666666666667 0.0642361111111111
1 0.5016666666666667 0.5095486111111112 0.042 0.059027777777777776
1 0.5823333333333334 0.5060763888888888 0.06866666666666667 0.046875
1 0.6193333333333333 0.4175347222222222 0.013333333333333334 0.04861111111111111
1 0.6673333333333333 0.5733506944444444 0.050666666666666665 0.0998263888888889
1 0.7176666666666667 0.5256076388888888 0.035333333333333335 0.05642361111111111
1 0.7356666666666667 0.7517361111111112 0.04066666666666666 0.052083333333333336
1 0.896 0.4904513888888889 0.02 0.03819444444444445
1 0.8766666666666667 0.6046006944444444 0.05466666666666667 0.07899305555555555
1 0.32066666666666666 0.1935763888888889 0.042666666666666665 0.0954861111111111
2 0.341 0.07682291666666667 0.028666666666666667 0.044270833333333336
2 0.417 0.10460069444444445 0.026 0.030381944444444444