0 0.730410447761194 0.4780547752808989 0.1455223880597015 0.24192415730337077
2 0.16732742537313433 0.5802317415730337 0.08605410447761194 0.17099719101123595
2 0.09993003731343283 0.5351123595505618 0.060867537313432835 0.11165730337078651
2 0.1658115671641791 0.4022120786516854 0.0732276119402985 0.09936797752808989
2 0.34888059701492535 0.4120435393258427 0.04151119402985075 0.05793539325842697
2 0.1435401119402985 0.711376404494382 0.08512126865671642 0.06741573033707865
2 0.158232276119403 0.7489466292134831 0.04967350746268657 0.08707865168539326
2 0.2140858208955224 0.6372893258426966 0.06996268656716417 0.08075842696629214
2 0.22912779850746268 0.5129915730337079 0.03754664179104478 0.07935393258426966
1 0.19986007462686567 0.3144311797752809 0.04151119402985075 0.07338483146067416
1 0.3793143656716418 0.43820224719101125 0.02728544776119403 0.05196629213483146