0 0.7713333333333333 0.5342881944444444 0.12 0.1623263888888889
1 0.436 0.6345486111111112 0.06666666666666667 0.078125
1 0.28933333333333333 0.6935763888888888 0.06933333333333333 0.09375
1 0.28833333333333333 0.5967881944444444 0.054 0.05642361111111111
1 0.34833333333333333 0.5377604166666666 0.078 0.0842013888888889
1 0.31266666666666665 0.4635416666666667 0.04 0.06076388888888889
1 0.2876666666666667 0.4253472222222222 0.058 0.043402777777777776
1 0.525 0.2526041666666667 0.07266666666666667 0.06076388888888889
1 0.44233333333333336 0.22569444444444445 0.034 0.046875
1 0.392 0.6762152777777778 0.042666666666666665 0.04861111111111111
1 0.38233333333333336 0.5954861111111112 0.058 0.06597222222222222
1 0.3943333333333333 0.4635416666666667 0.034 0.078125
2 0.17066666666666666 0.5390625 0.034666666666666665 0.041666666666666664
2 0.22366666666666668 0.62890625 0.04066666666666666 0.049479166666666664
2 0.08233333333333333 0.5581597222222222 0.05266666666666667 0.03993055555555555
2 0.103 0.4479166666666667 0.05266666666666667 0.041666666666666664
2 0.16166666666666665 0.4275173611111111 0.04066666666666666 0.033854166666666664
2 0.16166666666666665 0.20963541666666666 0.056666666666666664 0.058159722222222224
2 0.15633333333333332 0.2634548611111111 0.10733333333333334 0.05295138888888889
2 0.24933333333333332 0.054253472222222224 0.056 0.06163194444444445
2 0.232 0.058159722222222224 0.092 0.059027777777777776
2 0.425 0.1584201388888889 0.04466666666666667 0.058159722222222224