0 0.23833333333333334 0.4006076388888889 0.12333333333333334 0.1605902777777778
1 0.4836666666666667 0.4587673611111111 0.07533333333333334 0.08940972222222222
1 0.5683333333333334 0.5386284722222222 0.06466666666666666 0.1171875
1 0.7276666666666667 0.4891493055555556 0.094 0.0876736111111111
1 0.5173333333333333 0.2847222222222222 0.12133333333333333 0.07118055555555555
1 0.489 0.3736979166666667 0.03666666666666667 0.0703125
1 0.6296666666666667 0.19227430555555555 0.046 0.0390625
1 0.6743333333333333 0.2534722222222222 0.04733333333333333 0.04861111111111111
1 0.3586666666666667 0.0959201388888889 0.04533333333333334 0.04774305555555555
1 0.6346666666666667 0.5316840277777778 0.072 0.08246527777777778
1 0.6193333333333333 0.21614583333333334 0.03333333333333333 0.03125
1 0.6293333333333333 0.2565104166666667 0.03866666666666667 0.030381944444444444
2 0.182 0.6783854166666666 0.034666666666666665 0.0876736111111111
2 0.6273333333333333 0.7530381944444444 0.09333333333333334 0.06510416666666667
2 0.791 0.2868923611111111 0.019333333333333334 0.025173611111111112
2 0.7346666666666667 0.11241319444444445 0.024 0.06510416666666667
2 0.261 0.09027777777777778 0.028666666666666667 0.04861111111111111
2 0.32266666666666666 0.057291666666666664 0.02666666666666667 0.04861111111111111