0 0.793 0.5086805555555556 0.12466666666666666 0.1579861111111111
1 0.2853333333333333 0.6219618055555556 0.108 0.07552083333333333
1 0.22766666666666666 0.5915798611111112 0.10333333333333333 0.08246527777777778
1 0.15833333333333333 0.54296875 0.08866666666666667 0.08246527777777778
1 0.12166666666666667 0.4878472222222222 0.078 0.109375
1 0.31233333333333335 0.3103298611111111 0.09 0.058159722222222224
1 0.3566666666666667 0.5837673611111112 0.04666666666666667 0.09809027777777778
1 0.6363333333333333 0.5412326388888888 0.11266666666666666 0.0859375
1 0.49333333333333335 0.4835069444444444 0.07066666666666667 0.0920138888888889
1 0.38666666666666666 0.34765625 0.04 0.04079861111111111
1 0.4023333333333333 0.4921875 0.023333333333333334 0.036458333333333336
1 0.06666666666666667 0.4561631944444444 0.09066666666666667 0.08072916666666667
1 0.37933333333333336 0.5859375 0.08 0.06944444444444445
1 0.37633333333333335 0.4696180555555556 0.023333333333333334 0.09027777777777778
1 0.5846666666666667 0.4427083333333333 0.03866666666666667 0.03819444444444445
2 0.2703333333333333 0.4891493055555556 0.12466666666666666 0.1015625
2 0.235 0.4010416666666667 0.043333333333333335 0.06076388888888889
2 0.495 0.3342013888888889 0.048666666666666664 0.0625
2 0.842 0.3559027777777778 0.08933333333333333 0.08680555555555555
2 0.6826666666666666 0.20833333333333334 0.06266666666666666 0.0920138888888889