0 0.755 0.5065104166666666 0.15266666666666667 0.1779513888888889
1 0.392 0.6740451388888888 0.06933333333333333 0.2890625
1 0.4696666666666667 0.5963541666666666 0.08066666666666666 0.1076388888888889
1 0.533 0.6480034722222222 0.09933333333333333 0.0859375
1 0.464 0.8645833333333334 0.14133333333333334 0.1267361111111111
1 0.33866666666666667 0.7196180555555556 0.092 0.07291666666666667
1 0.33066666666666666 0.58984375 0.050666666666666665 0.07725694444444445
1 0.25933333333333336 0.6384548611111112 0.048 0.04774305555555555
1 0.22266666666666668 0.4813368055555556 0.029333333333333333 0.042534722222222224
1 0.5363333333333333 0.7777777777777778 0.03933333333333333 0.07291666666666667
1 0.5983333333333334 0.6592881944444444 0.074 0.04079861111111111
2 0.26466666666666666 0.4995659722222222 0.03333333333333333 0.051215277777777776
2 0.23166666666666666 0.21006944444444445 0.028666666666666667 0.03298611111111111
2 0.17966666666666667 0.20616319444444445 0.03266666666666666 0.035590277777777776
2 0.18466666666666667 0.1618923611111111 0.05466666666666667 0.04774305555555555
2 0.22633333333333333 0.15625 0.03666666666666667 0.03819444444444445
2 0.423 0.046440972222222224 0.12066666666666667 0.0720486111111111
2 0.6083333333333333 0.09895833333333333 0.035333333333333335 0.03819444444444445
2 0.6626666666666666 0.07421875 0.058666666666666666 0.0390625
2 0.23033333333333333 0.6072048611111112 0.04466666666666667 0.042534722222222224
2 0.324 0.7973090277777778 0.03866666666666667 0.04774305555555555
2 0.29633333333333334 0.8072916666666666 0.022 0.0642361111111111
2 0.16633333333333333 0.6176215277777778 0.03133333333333333 0.033854166666666664
2 0.5763333333333334 0.6974826388888888 0.06733333333333333 0.030381944444444444
2 0.4676666666666667 0.77734375 0.028666666666666667 0.03732638888888889
2 0.257 0.7005208333333334 0.04466666666666667 0.04513888888888889