0 0.8306666666666667 0.5138888888888888 0.14 0.171875
2 0.22233333333333333 0.66015625 0.034 0.05295138888888889
2 0.4036666666666667 0.7165798611111112 0.03133333333333333 0.028645833333333332
2 0.31833333333333336 0.6901041666666666 0.09 0.10069444444444445
2 0.366 0.7960069444444444 0.025333333333333333 0.036458333333333336
2 0.49266666666666664 0.8689236111111112 0.056 0.09375
2 0.397 0.8862847222222222 0.08733333333333333 0.08854166666666667
2 0.32666666666666666 0.4835069444444444 0.050666666666666665 0.057291666666666664
2 0.33666666666666667 0.5412326388888888 0.052 0.03732638888888889
2 0.266 0.57421875 0.034666666666666665 0.028645833333333332
2 0.18833333333333332 0.4622395833333333 0.035333333333333335 0.059895833333333336
2 0.6033333333333334 0.3337673611111111 0.064 0.08246527777777778
2 0.439 0.1271701388888889 0.062 0.06510416666666667
2 0.4106666666666667 0.16883680555555555 0.029333333333333333 0.042534722222222224
2 0.4633333333333333 0.22265625 0.025333333333333333 0.028645833333333332
2 0.5363333333333333 0.16796875 0.043333333333333335 0.04600694444444445
2 0.6063333333333333 0.2035590277777778 0.05 0.044270833333333336
2 0.7983333333333333 0.2621527777777778 0.05266666666666667 0.08159722222222222
2 0.3333333333333333 0.3428819444444444 0.08 0.0798611111111111
2 0.7006666666666667 0.9140625 0.036 0.04861111111111111
2 0.7773333333333333 0.9431423611111112 0.02666666666666667 0.0390625
2 0.454 0.5672743055555556 0.029333333333333333 0.033854166666666664
2 0.425 0.6510416666666666 0.048666666666666664 0.059027777777777776
2 0.20666666666666667 0.8346354166666666 0.037333333333333336 0.04079861111111111
2 0.38566666666666666 0.3498263888888889 0.024666666666666667 0.06076388888888889
2 0.3476666666666667 0.3407118055555556 0.106 0.08072916666666667
2 0.30433333333333334 0.2586805555555556 0.04066666666666666 0.04513888888888889
1 0.248 0.3541666666666667 0.064 0.06770833333333333
1 0.5793333333333334 0.4075520833333333 0.06933333333333333 0.05295138888888889
1 0.456 0.2816840277777778 0.04533333333333334 0.059895833333333336
1 0.442 0.2543402777777778 0.032 0.10590277777777778