0 0.15366666666666667 0.4904513888888889 0.13933333333333334 0.171875
2 0.5103333333333333 0.3125 0.020666666666666667 0.06944444444444445
2 0.49233333333333335 0.3502604166666667 0.024666666666666667 0.019965277777777776
2 0.4796666666666667 0.3120659722222222 0.019333333333333334 0.025173611111111112
2 0.6153333333333333 0.54296875 0.04933333333333333 0.0546875
2 0.7343333333333333 0.5282118055555556 0.03133333333333333 0.030381944444444444
2 0.668 0.5611979166666666 0.037333333333333336 0.058159722222222224
2 0.6323333333333333 0.6349826388888888 0.048666666666666664 0.058159722222222224
2 0.6543333333333333 0.4583333333333333 0.026 0.03298611111111111
2 0.6833333333333333 0.4340277777777778 0.025333333333333333 0.03993055555555555
2 0.686 0.15147569444444445 0.058666666666666666 0.05295138888888889
2 0.7553333333333333 0.1796875 0.036 0.03819444444444445
2 0.5186666666666667 0.18055555555555555 0.034666666666666665 0.036458333333333336
2 0.4886666666666667 0.18055555555555555 0.025333333333333333 0.041666666666666664
2 0.4266666666666667 0.18446180555555555 0.052 0.07378472222222222
2 0.404 0.1931423611111111 0.050666666666666665 0.051215277777777776
2 0.38166666666666665 0.20963541666666666 0.04066666666666666 0.042534722222222224
2 0.364 0.1232638888888889 0.03333333333333333 0.03819444444444445
2 0.422 0.017361111111111112 0.034666666666666665 0.027777777777777776
2 0.5003333333333333 0.014322916666666666 0.03666666666666667 0.0234375
2 0.16966666666666666 0.1657986111111111 0.028666666666666667 0.03125
2 0.25733333333333336 0.20703125 0.03333333333333333 0.028645833333333332
2 0.23766666666666666 0.7873263888888888 0.024666666666666667 0.041666666666666664
2 0.2876666666666667 0.8350694444444444 0.035333333333333335 0.043402777777777776
2 0.11533333333333333 0.7573784722222222 0.05333333333333334 0.07899305555555555
2 0.18533333333333332 0.7790798611111112 0.04933333333333333 0.09114583333333333
2 0.4176666666666667 0.9040798611111112 0.08066666666666666 0.07725694444444445
2 0.5183333333333333 0.90234375 0.06066666666666667 0.09635416666666667
2 0.5316666666666666 0.9006076388888888 0.056666666666666664 0.030381944444444444
2 0.6036666666666667 0.9036458333333334 0.03 0.03298611111111111
2 0.6693333333333333 0.8116319444444444 0.06 0.036458333333333336
2 0.38133333333333336 0.7508680555555556 0.03333333333333333 0.034722222222222224
2 0.5983333333333334 0.4166666666666667 0.07 0.050347222222222224
2 0.68 0.3641493055555556 0.05466666666666667 0.07378472222222222
2 0.565 0.18836805555555555 0.03666666666666667 0.05555555555555555
1 0.447 0.3033854166666667 0.035333333333333335 0.042534722222222224
1 0.4673333333333333 0.1527777777777778 0.036 0.03125