0 0.847 0.3819444444444444 0.13 0.1579861111111111
1 0.646 0.2751736111111111 0.048 0.059027777777777776
1 0.588 0.3541666666666667 0.036 0.078125
1 0.628 0.20225694444444445 0.06666666666666667 0.059027777777777776
1 0.556 0.19444444444444445 0.032 0.059027777777777776
1 0.479 0.18836805555555555 0.04466666666666667 0.03993055555555555
1 0.5966666666666667 0.2669270833333333 0.032 0.059895833333333336
2 0.5426666666666666 0.5850694444444444 0.05466666666666667 0.05381944444444445
2 0.6753333333333333 0.6037326388888888 0.03333333333333333 0.04079861111111111
2 0.3913333333333333 0.5238715277777778 0.04533333333333334 0.0546875
2 0.45966666666666667 0.546875 0.04066666666666666 0.04861111111111111
2 0.5026666666666667 0.5277777777777778 0.021333333333333333 0.041666666666666664
2 0.43566666666666665 0.7842881944444444 0.035333333333333335 0.09114583333333333
2 0.5236666666666666 0.8428819444444444 0.03266666666666666 0.043402777777777776
2 0.7076666666666667 0.7751736111111112 0.042 0.043402777777777776
2 0.831 0.7734375 0.056666666666666664 0.052083333333333336
2 0.8336666666666667 0.8051215277777778 0.04466666666666667 0.1154513888888889
2 0.445 0.09331597222222222 0.074 0.058159722222222224
2 0.5416666666666666 0.0546875 0.04066666666666666 0.03819444444444445
2 0.431 0.2894965277777778 0.082 0.10677083333333333
2 0.451 0.3146701388888889 0.042 0.0546875
2 0.5433333333333333 0.3142361111111111 0.04533333333333334 0.04861111111111111
2 0.6463333333333333 0.3328993055555556 0.046 0.05642361111111111
2 0.445 0.6571180555555556 0.03133333333333333 0.036458333333333336
2 0.4146666666666667 0.5963541666666666 0.029333333333333333 0.04513888888888889