0 0.7792677238805971 0.488061797752809 0.1201026119402985 0.19873595505617977
1 0.4672341417910448 0.6190308988764045 0.05387126865671642 0.12219101123595505
1 0.4635027985074627 0.9527738764044944 0.02728544776119403 0.0488061797752809
1 0.37826492537313433 0.047928370786516857 0.05783582089552239 0.05021067415730337
1 0.42094216417910446 0.08918539325842696 0.03544776119402985 0.04143258426966292
2 0.2312266791044776 0.43433988764044945 0.03754664179104478 0.07794943820224719
2 0.16277985074626866 0.45786516853932585 0.02845149253731343 0.03651685393258427
2 0.40718283582089554 0.8702598314606742 0.03031716417910448 0.05793539325842697
2 0.40006996268656714 0.9564606741573034 0.0324160447761194 0.037921348314606744
2 0.30025652985074625 0.9373244382022472 0.10237873134328358 0.10077247191011236
2 0.24696828358208955 0.7900280898876404 0.048507462686567165 0.06882022471910113
2 0.2575792910447761 0.3219803370786517 0.025419776119402986 0.061095505617977525
2 0.29559235074626866 0.12798455056179775 0.06273320895522388 0.06706460674157304
2 0.29361007462686567 0.03107443820224719 0.05083955223880597 0.056530898876404494
2 0.5131763059701493 0.09831460674157304 0.07206156716417911 0.05056179775280899
2 0.6962453358208955 0.59375 0.022154850746268658 0.027387640449438203
2 0.29407649253731344 0.5356390449438202 0.02751865671641791 0.03967696629213483
2 0.3438666044776119 0.5617977528089888 0.01935634328358209 0.03651685393258427
2 0.33512126865671643 0.49297752808988765 0.01632462686567164 0.027387640449438203
2 0.4310867537313433 0.9473314606741573 0.03754664179104478 0.05056179775280899
2 0.4665345149253731 0.2287570224719101 0.03941231343283582 0.09164325842696629