0 0.815 0.55859375 0.12066666666666667 0.1675347222222222
1 0.4236666666666667 0.8138020833333334 0.10466666666666667 0.0685763888888889
1 0.4836666666666667 0.7552083333333334 0.04466666666666667 0.03298611111111111
1 0.532 0.6623263888888888 0.058666666666666666 0.078125
1 0.48833333333333334 0.4956597222222222 0.13 0.09375
1 0.5766666666666667 0.4440104166666667 0.06933333333333333 0.044270833333333336
1 0.5026666666666667 0.3697916666666667 0.15466666666666667 0.06076388888888889
1 0.669 0.55078125 0.14866666666666667 0.1015625
1 0.44466666666666665 0.6336805555555556 0.07466666666666667 0.11458333333333333
1 0.7106666666666667 0.4340277777777778 0.068 0.06076388888888889
1 0.7286666666666667 0.2955729166666667 0.04666666666666667 0.05295138888888889
1 0.7346666666666667 0.6762152777777778 0.07733333333333334 0.07291666666666667
1 0.395 0.3932291666666667 0.03666666666666667 0.029513888888888888
2 0.29433333333333334 0.5815972222222222 0.06733333333333333 0.09375
2 0.36566666666666664 0.6419270833333334 0.074 0.1328125
2 0.5326666666666666 0.2113715277777778 0.036 0.051215277777777776
2 0.474 0.1909722222222222 0.032 0.036458333333333336
2 0.43333333333333335 0.2643229166666667 0.024 0.026909722222222224
2 0.3393333333333333 0.3719618055555556 0.037333333333333336 0.042534722222222224
2 0.3953333333333333 0.453125 0.029333333333333333 0.046875
2 0.32133333333333336 0.4453125 0.056 0.06944444444444445
2 0.413 0.7243923611111112 0.07533333333333334 0.0685763888888889
2 0.2803333333333333 0.6089409722222222 0.06733333333333333 0.051215277777777776
2 0.22333333333333333 0.4049479166666667 0.032 0.028645833333333332
2 0.194 0.5911458333333334 0.016 0.029513888888888888
2 0.16066666666666668 0.6111111111111112 0.02266666666666667 0.026041666666666668
2 0.2803333333333333 0.7560763888888888 0.03666666666666667 0.03993055555555555
2 0.56 0.5885416666666666 0.02666666666666667 0.041666666666666664
2 0.6656666666666666 0.8832465277777778 0.020666666666666667 0.0234375