0 0.7843333333333333 0.4444444444444444 0.13933333333333334 0.16666666666666666
2 0.48733333333333334 0.4097222222222222 0.029333333333333333 0.057291666666666664
2 0.6823333333333333 0.4904513888888889 0.086 0.04861111111111111
2 0.23666666666666666 0.3719618055555556 0.04666666666666667 0.04774305555555555
2 0.112 0.3337673611111111 0.05466666666666667 0.0685763888888889
2 0.10166666666666667 0.3927951388888889 0.028666666666666667 0.04079861111111111
2 0.104 0.4375 0.025333333333333333 0.03298611111111111
2 0.129 0.4696180555555556 0.03 0.036458333333333336
2 0.191 0.23828125 0.03666666666666667 0.04079861111111111
2 0.23833333333333334 0.2790798611111111 0.03933333333333333 0.051215277777777776
2 0.793 0.8016493055555556 0.10066666666666667 0.09635416666666667
2 0.25733333333333336 0.4357638888888889 0.04133333333333333 0.03298611111111111