0 0.1568330223880597 0.4610252808988764 0.10657649253731344 0.1853932584269663
1 0.5124766791044776 0.051615168539325844 0.04500932835820896 0.08146067415730338
1 0.5791744402985075 0.9399578651685393 0.05853544776119403 0.06811797752808989
1 0.4837919776119403 0.444873595505618 0.07206156716417911 0.0898876404494382
1 0.4670009328358209 0.35252808988764045 0.060867537313432835 0.09480337078651685
1 0.5882695895522388 0.4945575842696629 0.07392723880597014 0.06425561797752809
1 0.5593516791044776 0.6106039325842697 0.03055037313432836 0.042837078651685394
1 0.39913712686567165 0.45646067415730335 0.05480410447761194 0.10393258426966293
1 0.4437966417910448 0.3648174157303371 0.052705223880597014 0.06390449438202248
2 0.44974347014925375 0.09375 0.056669776119402986 0.07514044943820225
2 0.5710121268656716 0.2715941011235955 0.02728544776119403 0.06425561797752809
2 0.4771455223880597 0.37780898876404495 0.02845149253731343 0.032303370786516857
2 0.44624533582089554 0.41906601123595505 0.03148320895522388 0.02914325842696629
2 0.5619169776119403 0.3472612359550562 0.025419776119402986 0.0351123595505618
2 0.6532182835820896 0.2930126404494382 0.02332089552238806 0.030547752808988762
2 0.7017257462686567 0.3089887640449438 0.029384328358208957 0.05337078651685393
2 0.6729244402985075 0.46927668539325845 0.0324160447761194 0.06566011235955056
2 0.6338619402985075 0.5632022471910112 0.02332089552238806 0.03651685393258427
2 0.5522388059701493 0.7182233146067416 0.06902985074626866 0.09936797752808989
2 0.4097481343283582 0.7457865168539326 0.10867537313432836 0.05056179775280899
2 0.36357276119402987 0.8189957865168539 0.07929104477611941 0.07478932584269662
2 0.49755130597014924 0.32496488764044945 0.02028917910447761 0.021418539325842697
2 0.6146222014925373 0.215063202247191 0.03334888059701493 0.055126404494382025
2 0.7692397388059702 0.16257022471910113 0.02028917910447761 0.0351123595505618
2 0.734258395522388 0.11657303370786516 0.02728544776119403 0.059691011235955056