0 0.7295942164179104 0.5842696629213483 0.11730410447761194 0.19662921348314608
1 0.5492070895522388 0.6188553370786517 0.16651119402985073 0.1309691011235955
1 0.4944029850746269 0.6664325842696629 0.08722014925373134 0.13553370786516855
1 0.4027518656716418 0.6504564606741573 0.06902985074626866 0.11762640449438203
1 0.4688666044776119 0.7557935393258427 0.05713619402985075 0.2011938202247191
1 0.23892257462686567 0.7557935393258427 0.06693097014925373 0.07338483146067416
1 0.248017723880597 0.6495786516853933 0.060867537313432835 0.047050561797752806
1 0.2809001865671642 0.5809339887640449 0.059934701492537316 0.09023876404494383
1 0.17898787313432835 0.413623595505618 0.034281716417910446 0.05828651685393258
1 0.3599580223880597 0.5296699438202247 0.06180037313432836 0.033356741573033706
1 0.34736473880597013 0.45172050561797755 0.07486007462686567 0.05793539325842697
2 0.566464552238806 0.7891502808988764 0.03031716417910448 0.03967696629213483
2 0.5207555970149254 0.8481390449438202 0.03031716417910448 0.09304775280898876
2 0.3605410447761194 0.3967696629213483 0.03264925373134328 0.03651685393258427
2 0.18365205223880596 0.2907303370786517 0.03148320895522388 0.07514044943820225