0 0.8276666666666667 0.5147569444444444 0.13 0.16666666666666666
2 0.5736666666666667 0.3589409722222222 0.094 0.07378472222222222
2 0.5626666666666666 0.4986979166666667 0.044 0.033854166666666664
2 0.5816666666666667 0.5920138888888888 0.03133333333333333 0.03298611111111111
2 0.5216666666666666 0.6050347222222222 0.03266666666666666 0.06770833333333333
2 0.517 0.6089409722222222 0.059333333333333335 0.1328125
2 0.406 0.6362847222222222 0.03866666666666667 0.05555555555555555
2 0.392 0.5998263888888888 0.042666666666666665 0.057291666666666664
2 0.6946666666666667 0.7599826388888888 0.025333333333333333 0.042534722222222224
2 0.42833333333333334 0.2209201388888889 0.03 0.0546875
2 0.508 0.1566840277777778 0.04133333333333333 0.044270833333333336