0 0.7153333333333334 0.4713541666666667 0.152 0.1892361111111111
1 0.377 0.4175347222222222 0.08466666666666667 0.09375
1 0.3383333333333333 0.5828993055555556 0.07 0.0685763888888889
1 0.31266666666666665 0.28515625 0.024 0.1189236111111111
1 0.374 0.24522569444444445 0.084 0.0546875
1 0.42 0.2725694444444444 0.06266666666666666 0.04861111111111111
2 0.262 0.3098958333333333 0.036 0.046875
2 0.37666666666666665 0.3415798611111111 0.04666666666666667 0.03732638888888889
2 0.29333333333333333 0.4370659722222222 0.034666666666666665 0.051215277777777776
2 0.24266666666666667 0.5026041666666666 0.02 0.026041666666666668
2 0.19666666666666666 0.5390625 0.04933333333333333 0.07465277777777778
2 0.18533333333333332 0.64453125 0.08666666666666667 0.0859375
2 0.706 0.03298611111111111 0.07066666666666667 0.05381944444444445