0 0.23233333333333334 0.3936631944444444 0.15266666666666667 0.1935763888888889
2 0.3973333333333333 0.50390625 0.037333333333333336 0.033854166666666664
2 0.533 0.4201388888888889 0.04066666666666666 0.078125
2 0.6153333333333333 0.5542534722222222 0.08 0.1762152777777778
2 0.7536666666666667 0.5221354166666666 0.03666666666666667 0.035590277777777776
2 0.522 0.17317708333333334 0.06 0.0703125
2 0.3243333333333333 0.4227430555555556 0.03133333333333333 0.041666666666666664
2 0.41 0.4396701388888889 0.05466666666666667 0.06336805555555555
2 0.45466666666666666 0.4262152777777778 0.05333333333333334 0.03125
2 0.6236666666666667 0.7747395833333334 0.027333333333333334 0.026909722222222224
2 0.648 0.7100694444444444 0.025333333333333333 0.034722222222222224
2 0.692 0.7165798611111112 0.04 0.0390625
1 0.5066666666666667 0.5013020833333334 0.064 0.04774305555555555
1 0.6743333333333333 0.5690104166666666 0.042 0.09635416666666667
1 0.5526666666666666 0.6236979166666666 0.029333333333333333 0.030381944444444444