0 0.23402518656716417 0.4066011235955056 0.1201026119402985 0.1853932584269663
1 0.39598880597014924 0.40870786516853935 0.05550373134328358 0.0723314606741573
1 0.4846082089552239 0.4020365168539326 0.08861940298507463 0.1446629213483146
1 0.6167210820895522 0.28774578651685395 0.12756529850746268 0.1014747191011236
1 0.507929104477612 0.5609199438202247 0.06296641791044776 0.13799157303370788
1 0.5657649253731343 0.7466643258426966 0.06763059701492537 0.07478932584269662
1 0.1880830223880597 0.18258426966292135 0.04221082089552239 0.0997191011235955
1 0.22399720149253732 0.10779494382022473 0.032882462686567165 0.12219101123595505
1 0.45230876865671643 0.42679073033707865 0.15321828358208955 0.1309691011235955
1 0.5041977611940298 0.4041432584269663 0.061567164179104475 0.27598314606741575
1 0.412196828358209 0.5305477528089888 0.12569962686567165 0.07794943820224719
1 0.5619169776119403 0.6304424157303371 0.059934701492537316 0.1190308988764045
1 0.4427472014925373 0.8153089887640449 0.06693097014925373 0.0702247191011236
1 0.6840018656716418 0.45804073033707865 0.03451492537313433 0.07338483146067416
1 0.7260960820895522 0.18908005617977527 0.05573694029850746 0.06425561797752809
1 0.7571128731343284 0.3830758426966292 0.028218283582089554 0.125
1 0.17339085820895522 0.20066713483146068 0.06599813432835822 0.056530898876404494
1 0.38386194029850745 0.328125 0.042444029850746266 0.051615168539325844
1 0.613106343283582 0.7220856741573034 0.03031716417910448 0.09445224719101124
1 0.6556669776119403 0.7327949438202247 0.038479477611940295 0.07654494382022473
2 0.42840485074626866 0.30143960674157305 0.04664179104477612 0.07759831460674158