0 0.1935634328358209 0.4450491573033708 0.11100746268656717 0.18995786516853932
2 0.504081156716418 0.648876404494382 0.07206156716417911 0.05196629213483146
2 0.49090485074626866 0.706811797752809 0.06996268656716417 0.07654494382022473
2 0.5577192164179104 0.6106039325842697 0.04361007462686567 0.0702247191011236
2 0.6283815298507462 0.6007724719101124 0.0324160447761194 0.08075842696629214
2 0.6185867537313433 0.590063202247191 0.04361007462686567 0.056530898876404494
2 0.5775419776119403 0.7419241573033708 0.07299440298507463 0.07935393258426966
2 0.562383395522388 0.7642205056179775 0.04267723880597015 0.047401685393258425
2 0.6267490671641791 0.9403089887640449 0.04547574626865672 0.061095505617977525
1 0.43703358208955223 0.9122191011235955 0.05177238805970149 0.059691011235955056
1 0.5527052238805971 0.16099016853932585 0.15111940298507462 0.2735252808988764
1 0.601445895522388 0.35867275280898875 0.07602611940298508 0.16467696629213482
1 0.4197761194029851 0.19224016853932585 0.1166044776119403 0.18644662921348315