0 0.15368470149253732 0.4078300561797753 0.10960820895522388 0.16959269662921347
1 0.4869402985074627 0.5215941011235955 0.14412313432835822 0.14922752808988765
1 0.660331156716418 0.41537921348314605 0.10051305970149253 0.09058988764044944
1 0.7692397388059702 0.49683988764044945 0.04500932835820896 0.19873595505617977
1 0.7511660447761194 0.44610252808988765 0.0960820895522388 0.09726123595505617
1 0.6828358208955224 0.695751404494382 0.13059701492537312 0.09023876404494383
1 0.5608675373134329 0.3068820224719101 0.03544776119402985 0.05196629213483146
1 0.5928171641791045 0.3793890449438202 0.024253731343283583 0.03195224719101124
1 0.6688432835820896 0.5793539325842697 0.03031716417910448 0.08075842696629214
1 0.5988805970149254 0.598314606741573 0.05083955223880597 0.04564606741573034
1 0.27635261194029853 0.44259129213483145 0.0648320895522388 0.10077247191011236