0 0.20032649253731344 0.38974719101123595 0.13059701492537312 0.19241573033707865
1 0.3043376865671642 0.5258075842696629 0.10960820895522388 0.07689606741573034
1 0.35401119402985076 0.6086727528089888 0.09748134328358209 0.08813202247191011
1 0.44111473880597013 0.6460674157303371 0.04967350746268657 0.08567415730337079
1 0.5792910447761194 0.4789325842696629 0.08861940298507463 0.1446629213483146
1 0.6113572761194029 0.3929073033707865 0.05387126865671642 0.1720505617977528
1 0.531133395522388 0.3574438202247191 0.05573694029850746 0.1151685393258427
1 0.5679804104477612 0.16327247191011235 0.03754664179104478 0.0702247191011236
1 0.6110074626865671 0.21804775280898878 0.03451492537313433 0.05196629213483146
1 0.3463152985074627 0.33268960674157305 0.022388059701492536 0.1035814606741573
1 0.31751399253731344 0.36025280898876405 0.06599813432835822 0.04564606741573034
1 0.19881063432835822 0.557935393258427 0.04967350746268657 0.05056179775280899
1 0.451259328358209 0.5410814606741573 0.10027985074626866 0.10533707865168539
1 0.5710121268656716 0.6832865168539326 0.11870335820895522 0.15730337078651685
1 0.5131763059701493 0.9259129213483146 0.041744402985074626 0.059691011235955056
1 0.5395289179104478 0.43047752808988765 0.06180037313432836 0.0702247191011236
1 0.5399953358208955 0.5839185393258427 0.09538246268656717 0.15098314606741572
2 0.5729944029850746 0.9236306179775281 0.07602611940298508 0.08883426966292135
2 0.5198227611940298 0.808813202247191 0.09328358208955224 0.07338483146067416
2 0.543143656716418 0.03651685393258427 0.06902985074626866 0.042837078651685394
2 0.6536847014925373 0.5182584269662921 0.03031716417910448 0.10252808988764045