0 0.6642957089552238 0.6012991573033708 0.12476679104477612 0.18995786516853932
1 0.277402052238806 0.8426966292134831 0.07672574626865672 0.12640449438202248
1 0.24895055970149255 0.8449789325842697 0.12756529850746268 0.06355337078651685
1 0.261660447761194 0.907127808988764 0.08115671641791045 0.06566011235955056
1 0.49137126865671643 0.8981741573033708 0.08395522388059702 0.061095505617977525
1 0.2234141791044776 0.29231039325842695 0.04664179104477612 0.06566011235955056
1 0.47329757462686567 0.4980688202247191 0.05713619402985075 0.07900280898876405
1 0.22061567164179105 0.7686095505617978 0.052705223880597014 0.06882022471910113
1 0.35237873134328357 0.7724719101123596 0.04664179104477612 0.061095505617977525
1 0.3275419776119403 0.42275280898876405 0.025419776119402986 0.06741573033707865
1 0.40263526119402987 0.5387991573033708 0.08838619402985075 0.06706460674157304
1 0.45230876865671643 0.40747893258426965 0.04361007462686567 0.0488061797752809
1 0.23787313432835822 0.20821629213483145 0.058768656716417914 0.06882022471910113
1 0.29559235074626866 0.2891502808988764 0.05480410447761194 0.12043539325842696
1 0.3179804104477612 0.17924859550561797 0.03661380597014925 0.07198033707865169