0 0.7828824626865671 0.6021769662921348 0.11847014925373134 0.19241573033707865
1 0.14972014925373134 0.41660814606741575 0.10354477611940298 0.1014747191011236
1 0.17000932835820895 0.37816011235955055 0.05690298507462686 0.16502808988764045
1 0.2248134328358209 0.3340941011235955 0.061567164179104475 0.19417134831460675
1 0.3081856343283582 0.34094101123595505 0.06599813432835822 0.12640449438202248
1 0.3381529850746269 0.5553019662921348 0.06902985074626866 0.13588483146067415
1 0.5086287313432836 0.5872542134831461 0.061567164179104475 0.17661516853932585
1 0.34654850746268656 0.9152036516853933 0.13666044776119404 0.10849719101123595
1 0.6182369402985075 0.5679424157303371 0.10680970149253731 0.21032303370786518
1 0.40578358208955223 0.37254213483146065 0.09888059701492537 0.15379213483146068
1 0.5071128731343284 0.3825491573033708 0.06459888059701492 0.1288623595505618
1 0.6316464552238806 0.3748244382022472 0.08558768656716417 0.0860252808988764
1 0.5348647388059702 0.24367977528089887 0.18306902985074627 0.09480337078651685
1 0.6302472014925373 0.18258426966292135 0.07672574626865672 0.16713483146067415
1 0.2312266791044776 0.1327247191011236 0.11683768656716417 0.10674157303370786
1 0.33313899253731344 0.238061797752809 0.06506529850746269 0.08848314606741572
1 0.34736473880597013 0.3862359550561798 0.13176305970149255 0.0702247191011236
1 0.45790578358208955 0.563377808988764 0.06273320895522388 0.0761938202247191
1 0.6688432835820896 0.6206109550561798 0.0853544776119403 0.09936797752808989
1 0.6506529850746269 0.49297752808988765 0.09328358208955224 0.12219101123595505
1 0.6824860074626866 0.23788623595505617 0.10844216417910447 0.10077247191011236
1 0.4193097014925373 0.1288623595505618 0.05690298507462686 0.06882022471910113
1 0.46198694029850745 0.03423455056179775 0.1501865671641791 0.05933988764044944
1 0.4224580223880597 0.331811797752809 0.09118470149253731 0.15730337078651685
1 0.5364972014925373 0.3479634831460674 0.07999067164179105 0.08567415730337079
2 0.5968983208955224 0.9153792134831461 0.038479477611940295 0.05337078651685393