0 0.7168843283582089 0.5454705056179775 0.13059701492537312 0.21945224719101122
1 0.4201259328358209 0.5001755617977528 0.05853544776119403 0.11973314606741572
1 0.621268656716418 0.05003511235955056 0.04664179104477612 0.07900280898876405
1 0.37581623134328357 0.13412921348314608 0.07206156716417911 0.042837078651685394
1 0.3675373134328358 0.32742275280898875 0.12453358208955224 0.06776685393258428
1 0.43878264925373134 0.23016151685393257 0.05387126865671642 0.0586376404494382
1 0.5866371268656716 0.26843398876404495 0.05247201492537314 0.0586376404494382
1 0.45604011194029853 0.38606039325842695 0.09771455223880597 0.06355337078651685
1 0.4568563432835821 0.3160112359550562 0.0960820895522388 0.0449438202247191
1 0.566464552238806 0.06372893258426966 0.1501865671641791 0.056530898876404494
1 0.3949393656716418 0.48384831460674155 0.1359608208955224 0.07935393258426966
1 0.5177238805970149 0.3089887640449438 0.04477611940298507 0.10252808988764045
1 0.5710121268656716 0.2893258426966292 0.05387126865671642 0.08707865168539326
1 0.355527052238806 0.2768609550561798 0.03661380597014925 0.03827247191011236
1 0.4771455223880597 0.25860252808988765 0.06902985074626866 0.07478932584269662
1 0.4371501865671642 0.17854634831460675 0.05387126865671642 0.08532303370786516
1 0.5395289179104478 0.1074438202247191 0.059934701492537316 0.09339887640449439
1 0.43913246268656714 0.030372191011235956 0.03544776119402985 0.05793539325842697