0 0.20242537313432835 0.34234550561797755 0.10354477611940298 0.17415730337078653
1 0.504081156716418 0.4685744382022472 0.06459888059701492 0.15625
1 0.5604011194029851 0.5737359550561798 0.1021455223880597 0.0997191011235955
1 0.6422574626865671 0.49701544943820225 0.04337686567164179 0.14922752808988765
1 0.5409281716417911 0.41537921348314605 0.1261660447761194 0.09058988764044944
1 0.6880830223880597 0.4685744382022472 0.1322294776119403 0.1014747191011236
1 0.7339085820895522 0.4980688202247191 0.06763059701492537 0.16046348314606743
1 0.6308302238805971 0.5700491573033708 0.06576492537313433 0.09936797752808989
1 0.5658815298507462 0.4938553370786517 0.07392723880597014 0.0684691011235955
1 0.683535447761194 0.5472261235955056 0.0457089552238806 0.05933988764044944
1 0.7368236940298507 0.6060393258426966 0.05293843283582089 0.05828651685393258
1 0.7804337686567164 0.4197682584269663 0.05293843283582089 0.06425561797752809
1 0.8264925373134329 0.45558286516853935 0.0457089552238806 0.05933988764044944