0 0.216767723880597 0.41134129213483145 0.1261660447761194 0.1990870786516854
1 0.3420009328358209 0.2636938202247191 0.10657649253731344 0.08146067415730338
1 0.3727845149253731 0.2480688202247191 0.04267723880597015 0.09936797752808989
1 0.3727845149253731 0.37622893258426965 0.04267723880597015 0.06566011235955056
1 0.2737873134328358 0.6060393258426966 0.033582089552238806 0.061095505617977525
1 0.49696828358208955 0.6158707865168539 0.09235074626865672 0.08707865168539326
1 0.5887360074626866 0.7183988764044944 0.034281716417910446 0.05337078651685393
1 0.5729944029850746 0.5128160112359551 0.033582089552238806 0.055126404494382025
1 0.6049440298507462 0.4022120786516854 0.042444029850746266 0.0839185393258427
2 0.5918843283582089 0.5702247191011236 0.04664179104477612 0.059691011235955056
2 0.5958488805970149 0.26316713483146065 0.036380597014925374 0.047401685393258425