0 0.7355410447761194 0.645189606741573 0.10960820895522388 0.17872191011235955
1 0.339785447761194 0.38167134831460675 0.0480410447761194 0.04985955056179775
1 0.36590485074626866 0.6111306179775281 0.061567164179104475 0.08813202247191011
1 0.4568563432835821 0.7670294943820225 0.06902985074626866 0.13307584269662923
1 0.0908348880597015 0.45400280898876405 0.04874067164179104 0.05337078651685393
1 0.12628264925373134 0.3983497191011236 0.026352611940298507 0.05793539325842697
1 0.293027052238806 0.25702247191011235 0.04967350746268657 0.05337078651685393
1 0.2864972014925373 0.19452247191011235 0.0324160447761194 0.05337078651685393
1 0.40263526119402987 0.12271769662921349 0.07999067164179105 0.0684691011235955
1 0.4300373134328358 0.4938553370786517 0.05363805970149254 0.11762640449438203
1 0.37371735074626866 0.5319522471910112 0.04267723880597015 0.08075842696629214
1 0.263759328358209 0.9015098314606742 0.0457089552238806 0.06566011235955056
1 0.34130130597014924 0.9313553370786517 0.0324160447761194 0.06425561797752809
1 0.5121268656716418 0.8732443820224719 0.05177238805970149 0.054775280898876406
1 0.5198227611940298 0.7779143258426966 0.058768656716417914 0.03827247191011236
1 0.7074393656716418 0.8709620786516854 0.0324160447761194 0.047401685393258425
1 0.6632462686567164 0.9129213483146067 0.033582089552238806 0.06390449438202248
2 0.18563432835820895 0.7364817415730337 0.02751865671641791 0.047401685393258425
2 0.27588619402985076 0.585498595505618 0.033582089552238806 0.04108146067415731
2 0.3970382462686567 0.9601474719101124 0.022154850746268658 0.030547752808988762
2 0.353428171641791 0.8609550561797753 0.028218283582089554 0.03651685393258427