0 0.20697294776119404 0.42257724719101125 0.11263992537313433 0.18504213483146068
1 0.4282882462686567 0.6060393258426966 0.05713619402985075 0.09269662921348315
1 0.6136893656716418 0.5150983146067416 0.07952425373134328 0.1853932584269663
1 0.42455690298507465 0.3126755617977528 0.07346082089552239 0.1288623595505618
1 0.46047108208955223 0.6762640449438202 0.10844216417910447 0.054775280898876406
1 0.3773320895522388 0.5853230337078652 0.04757462686567164 0.06882022471910113
1 0.4548740671641791 0.5426615168539326 0.0324160447761194 0.04459269662921348
1 0.5121268656716418 0.3144311797752809 0.10634328358208955 0.08532303370786516
1 0.6648787313432836 0.2540379213483146 0.04057835820895522 0.05933988764044944
1 0.4588386194029851 0.152563202247191 0.038479477611940295 0.042485955056179775
1 0.498017723880597 0.16537921348314608 0.021222014925373133 0.0351123595505618
1 0.5279850746268657 0.12043539325842696 0.08722014925373134 0.05828651685393258
1 0.648554104477612 0.44259129213483145 0.05690298507462686 0.1190308988764045
2 0.7074393656716418 0.5287921348314607 0.0324160447761194 0.05337078651685393
2 0.3550606343283582 0.41520365168539325 0.03754664179104478 0.030547752808988762
2 0.3594916044776119 0.3883426966292135 0.0324160447761194 0.02598314606741573
2 0.35086287313432835 0.39905196629213485 0.05573694029850746 0.07478932584269662
2 0.3903917910447761 0.4731390449438202 0.04757462686567164 0.055126404494382025