0 0.746035447761194 0.5705758426966292 0.14272388059701493 0.22823033707865167
1 0.40729944029850745 0.6120084269662921 0.078125 0.15379213483146068
1 0.3344216417910448 0.6776685393258427 0.07369402985074627 0.11306179775280899
1 0.4395988805970149 0.6425561797752809 0.13666044776119404 0.10182584269662921
1 0.511660447761194 0.7568469101123596 0.07042910447761194 0.1267556179775281
1 0.5064132462686567 0.8653441011235955 0.12896455223880596 0.09515449438202248
1 0.46805037313432835 0.9229283707865169 0.10074626865671642 0.11060393258426966
1 0.32765858208955223 0.8404143258426966 0.07509328358208955 0.0860252808988764
1 0.47726212686567165 0.6021769662921348 0.060867537313432835 0.08075842696629214
1 0.4441464552238806 0.5205407303370787 0.09631529850746269 0.0488061797752809
1 0.5598180970149254 0.8030196629213483 0.06599813432835822 0.03651685393258427
1 0.4919542910447761 0.7243679775280899 0.09025186567164178 0.09339887640449439