0 0.7744869402985075 0.5140449438202247 0.14272388059701493 0.22823033707865167
1 0.3509794776119403 0.8077598314606742 0.049440298507462684 0.09726123595505617
1 0.34421641791044777 0.5895365168539326 0.06296641791044776 0.14887640449438203
1 0.44029850746268656 0.38728932584269665 0.08722014925373134 0.07443820224719101
1 0.27588619402985076 0.7419241573033708 0.06389925373134328 0.061095505617977525
1 0.2809001865671642 0.8335674157303371 0.05387126865671642 0.04002808988764045
1 0.3503964552238806 0.43275983146067415 0.0324160447761194 0.04108146067415731
1 0.2728544776119403 0.35639044943820225 0.03544776119402985 0.07514044943820225
1 0.4177938432835821 0.28388342696629215 0.02728544776119403 0.042485955056179775
1 0.45382462686567165 0.2563202247191011 0.02845149253731343 0.05196629213483146
1 0.3599580223880597 0.5609199438202247 0.09631529850746269 0.0839185393258427
1 0.4751632462686567 0.7649227528089888 0.024486940298507464 0.03967696629213483
2 0.19018190298507462 0.2854634831460674 0.04267723880597015 0.061095505617977525
2 0.22411380597014927 0.2907303370786517 0.02751865671641791 0.05337078651685393
2 0.3067863805970149 0.2563202247191011 0.04267723880597015 0.04564606741573034
2 0.13584421641791045 0.33883426966292135 0.03334888059701493 0.04564606741573034
2 0.18306902985074627 0.6060393258426966 0.09934701492537314 0.15589887640449437
2 0.19717817164179105 0.5159761235955056 0.060867537313432835 0.10709269662921349
2 0.20079291044776118 0.8549859550561798 0.05970149253731343 0.07935393258426966
2 0.6394589552238806 0.48911516853932585 0.05457089552238806 0.04424157303370786